# [1]TIME  [2]v_out09 
 0.000000e+00  1.200000e+00 
 1.000000e-12  7.168393e-01 
 1.250000e-12  7.254894e-01 
 1.330173e-12  7.282174e-01 
 1.586727e-12  7.358800e-01 
 2.407701e-12  7.509761e-01 
 4.353063e-12  7.544221e-01 
 6.465525e-12  7.391101e-01 
 8.922613e-12  7.180244e-01 
 1.188862e-11  6.915001e-01 
 1.541797e-11  6.585851e-01 
 1.958112e-11  6.019639e-01 
 2.416298e-11  4.574727e-01 
 2.935987e-11  2.474394e-01 
 3.528829e-11  1.027331e-01 
 4.025666e-11  5.259542e-02 
 4.603273e-11  3.050409e-02 
 5.062952e-11  2.558579e-02 
 5.537860e-11  2.189391e-02 
 6.152412e-11  1.804016e-02 
 6.600163e-11  1.506372e-02 
 7.084865e-11  1.167273e-02 
 7.517509e-11  9.150777e-03 
 8.060656e-11  1.088738e-02 
 8.507826e-11  5.546918e-03 
 8.977077e-11  -1.743566e-02 
 9.396981e-11  -4.074780e-02 
 9.933472e-11  1.503193e-01 
 1.038407e-10  4.389087e-01 
 1.052872e-10  4.965369e-01 
 1.063790e-10  5.364892e-01 
 1.098727e-10  6.301983e-01 
 1.146400e-10  7.020703e-01 
 1.219390e-10  7.832928e-01 
 1.265880e-10  8.463951e-01 
 1.324757e-10  9.284734e-01 
 1.370981e-10  9.865661e-01 
 1.429019e-10  1.051847e+00 
 1.474460e-10  1.095747e+00 
 1.522230e-10  1.132621e+00 
 1.570989e-10  1.159957e+00 
 1.625128e-10  1.179321e+00 
 1.670607e-10  1.186146e+00 
 1.717929e-10  1.187897e+00 
 1.764489e-10  1.195780e+00 
 1.817315e-10  1.239238e+00 
 1.864010e-10  1.199923e+00 
 1.911721e-10  9.756238e-01 
 1.956166e-10  6.568509e-01 
 2.008698e-10  3.117169e-01 
 2.055143e-10  1.492637e-01 
 2.104194e-10  7.986949e-02 
 2.148247e-10  4.546385e-02 
 2.203571e-10  2.592638e-02 
 2.249697e-10  2.211857e-02 
 2.301323e-10  2.053944e-02 
 2.345328e-10  1.806476e-02 
 2.402860e-10  1.464212e-02 
 2.449313e-10  1.166122e-02 
 2.501051e-10  8.612540e-03 
 2.545575e-10  7.190188e-03 
 2.602389e-10  9.574772e-03 
 2.649332e-10  -4.313067e-04 
 2.699678e-10  -2.825530e-02 
 2.744666e-10  -2.094251e-02 
 2.799970e-10  2.504015e-01 
 2.847030e-10  5.369420e-01 
 2.896531e-10  6.567019e-01 
 2.941397e-10  7.127340e-01 
 2.996010e-10  7.722629e-01 
 3.042878e-10  8.371274e-01 
 3.092358e-10  9.081394e-01 
 3.137006e-10  9.663563e-01 
 3.191926e-10  1.030761e+00 
 3.238618e-10  1.078502e+00 
 3.288685e-10  1.120758e+00 
 3.333247e-10  1.149673e+00 
 3.388810e-10  1.174152e+00 
 3.435487e-10  1.183725e+00 
 3.485916e-10  1.186996e+00 
 3.530497e-10  1.193150e+00 
 3.545322e-10  1.200547e+00 
 3.557568e-10  1.209754e+00 
 3.596757e-10  1.246801e+00 
 3.634248e-10  1.210058e+00 
 3.668132e-10  1.076335e+00 
 3.718053e-10  7.531700e-01 
 3.768691e-10  3.706706e-01 
 3.814211e-10  1.633406e-01 
 3.861036e-10  9.244586e-02 
 3.902759e-10  5.468267e-02 
 3.956092e-10  2.916306e-02 
 4.004029e-10  2.272997e-02 
 4.050780e-10  2.186533e-02 
 4.094596e-10  1.945564e-02 
 4.147664e-10  1.616735e-02 
 4.201981e-10  1.297898e-02 
 4.248599e-10  1.017226e-02 
 4.296001e-10  7.509225e-03 
 4.350602e-10  7.311841e-03 
 4.405750e-10  8.154508e-03 
 4.452278e-10  -6.281306e-03 
 4.500295e-10  -3.465908e-02 
 4.555694e-10  6.312652e-02 
 4.609983e-10  3.663304e-01 
 4.656753e-10  5.912355e-01 
 4.704452e-10  6.817272e-01 
 4.760689e-10  7.385691e-01 
 4.813994e-10  8.022808e-01 
 4.861088e-10  8.736551e-01 
 4.908464e-10  9.377357e-01 
 4.964052e-10  1.005240e+00 
 5.017203e-10  1.062544e+00 
 5.064315e-10  1.106031e+00 
 5.111446e-10  1.140066e+00 
 5.166902e-10  1.167734e+00 
 5.220180e-10  1.183082e+00 
 5.267289e-10  1.187973e+00 
 5.314504e-10  1.188936e+00 
 5.370075e-10  1.210704e+00 
 5.423375e-10  1.247016e+00 
 5.436485e-10  1.248582e+00 
 5.447908e-10  1.240380e+00 
 5.484459e-10  1.127464e+00 
 5.533429e-10  8.274363e-01 
 5.592440e-10  3.803704e-01 
 5.637833e-10  1.656309e-01 
 5.685910e-10  9.172312e-02 
 5.728984e-10  5.315062e-02 
 5.781926e-10  2.862946e-02 
 5.828614e-10  2.277257e-02 
 5.875034e-10  2.196901e-02 
 5.917786e-10  1.959111e-02 
 5.970109e-10  1.631069e-02 
 6.024123e-10  1.310280e-02 
 6.070670e-10  1.027144e-02 
 6.117805e-10  7.596155e-03 
 6.171967e-10  7.295778e-03 
 6.227658e-10  8.231198e-03 
 6.273955e-10  -5.831255e-03 
 6.322189e-10  -3.440141e-02 
 6.376445e-10  5.324464e-02 
 6.431694e-10  3.589306e-01 
 6.478140e-10  5.879135e-01 
 6.526093e-10  6.803707e-01 
 6.581539e-10  7.367753e-01 
 6.635769e-10  8.014269e-01 
 6.682560e-10  8.720546e-01 
 6.730245e-10  9.366275e-01 
 6.786463e-10  1.004958e+00 
 6.839765e-10  1.062454e+00 
 6.886861e-10  1.105945e+00 
 6.934233e-10  1.140153e+00 
 6.989818e-10  1.167843e+00 
 7.042972e-10  1.183107e+00 
 7.090083e-10  1.187971e+00 
 7.137215e-10  1.188935e+00 
 7.192674e-10  1.210681e+00 
 7.245953e-10  1.247021e+00 
 7.259054e-10  1.248598e+00 
 7.270473e-10  1.240439e+00 
 7.307010e-10  1.127760e+00 
 7.355904e-10  8.286011e-01 
 7.414925e-10  3.813522e-01 
 7.460329e-10  1.660239e-01 
 7.508399e-10  9.190760e-02 
 7.551494e-10  5.324046e-02 
 7.604409e-10  2.866929e-02 
 7.651228e-10  2.276739e-02 
 7.697661e-10  2.196162e-02 
 7.740493e-10  1.958009e-02 
 7.792862e-10  1.629918e-02 
 7.846925e-10  1.309153e-02 
 7.893470e-10  1.026284e-02 
 7.940645e-10  7.587451e-03 
 7.994789e-10  7.291637e-03 
 8.050474e-10  8.226554e-03 
 8.096767e-10  -5.838696e-03 
 8.144990e-10  -3.440239e-02 
 8.199267e-10  5.335748e-02 
 8.254503e-10  3.590017e-01 
 8.300953e-10  5.879496e-01 
 8.348905e-10  6.803870e-01 
 8.404369e-10  7.368061e-01 
 8.458583e-10  8.014414e-01 
 8.505380e-10  8.720828e-01 
 8.553060e-10  9.366481e-01 
 8.609267e-10  1.004965e+00 
 8.662567e-10  1.062457e+00 
 8.709663e-10  1.105947e+00 
 8.757031e-10  1.140153e+00 
 8.812613e-10  1.167842e+00 
 8.865768e-10  1.183107e+00 
 8.912879e-10  1.187971e+00 
 8.960012e-10  1.188935e+00 
 9.015472e-10  1.210680e+00 
 9.068752e-10  1.247020e+00 
 9.081853e-10  1.248598e+00 
 9.093271e-10  1.240439e+00 
 9.129809e-10  1.127761e+00 
 9.178702e-10  8.286109e-01 
 9.237724e-10  3.813564e-01 
 9.283128e-10  1.660252e-01 
 9.331198e-10  9.190791e-02 
 9.374294e-10  5.324040e-02 
 9.427209e-10  2.866930e-02 
 9.474027e-10  2.276740e-02 
 9.520460e-10  2.196163e-02 
 9.563292e-10  1.958009e-02 
 9.615662e-10  1.629918e-02 
 9.669724e-10  1.309153e-02 
 9.716270e-10  1.026284e-02 
 9.763444e-10  7.587452e-03 
 9.817588e-10  7.291635e-03 
 9.873273e-10  8.226556e-03 
 9.919566e-10  -5.838678e-03 
 9.967790e-10  -3.440238e-02 
 1.002207e-09  5.335708e-02 
 1.007730e-09  3.590014e-01 
 1.012375e-09  5.879495e-01 
 1.017170e-09  6.803869e-01 
 1.022717e-09  7.368060e-01 
 1.028138e-09  8.014413e-01 
 1.032818e-09  8.720827e-01 
 1.037586e-09  9.366481e-01 
 1.043207e-09  1.004965e+00 
 1.048537e-09  1.062457e+00 
 1.053246e-09  1.105947e+00 
 1.057983e-09  1.140153e+00 
 1.063541e-09  1.167842e+00 
 1.068857e-09  1.183107e+00 
 1.073568e-09  1.187971e+00 
 1.078281e-09  1.188935e+00 
 1.083827e-09  1.210680e+00 
 1.089155e-09  1.247020e+00 
 1.090465e-09  1.248598e+00 
 1.091607e-09  1.240439e+00 
 1.095261e-09  1.127761e+00 
 1.100150e-09  8.286109e-01 
 1.106052e-09  3.813563e-01 
 1.110593e-09  1.660252e-01 
 1.115400e-09  9.190791e-02 
 1.119709e-09  5.324040e-02 
 1.125001e-09  2.866930e-02 
 1.129683e-09  2.276740e-02 
 1.134326e-09  2.196163e-02 
 1.138609e-09  1.958009e-02 
 1.143846e-09  1.629918e-02 
 1.149252e-09  1.309153e-02 
 1.153907e-09  1.026284e-02 
 1.158624e-09  7.587452e-03 
 1.164039e-09  7.291635e-03 
 1.169607e-09  8.226556e-03 
 1.174237e-09  -5.838678e-03 
 1.179059e-09  -3.440238e-02 
 1.184487e-09  5.335708e-02 
 1.190010e-09  3.590014e-01 
 1.194655e-09  5.879495e-01 
 1.199450e-09  6.803869e-01 
 1.204997e-09  7.368060e-01 
 1.210418e-09  8.014414e-01 
 1.215098e-09  8.720827e-01 
 1.219866e-09  9.366481e-01 
 1.225487e-09  1.004965e+00 
 1.230817e-09  1.062457e+00 
 1.235526e-09  1.105947e+00 
 1.240263e-09  1.140153e+00 
 1.245821e-09  1.167842e+00 
 1.251137e-09  1.183107e+00 
 1.255848e-09  1.187971e+00 
 1.260561e-09  1.188935e+00 
 1.266107e-09  1.210680e+00 
 1.271435e-09  1.247020e+00 
 1.272745e-09  1.248598e+00 
 1.273887e-09  1.240439e+00 
 1.277541e-09  1.127761e+00 
 1.282430e-09  8.286109e-01 
 1.288332e-09  3.813563e-01 
 1.292873e-09  1.660252e-01 
 1.297680e-09  9.190791e-02 
 1.301989e-09  5.324040e-02 
 1.307281e-09  2.866930e-02 
 1.311963e-09  2.276740e-02 
 1.316606e-09  2.196163e-02 
 1.320889e-09  1.958009e-02 
 1.326126e-09  1.629918e-02 
 1.331532e-09  1.309153e-02 
 1.336187e-09  1.026284e-02 
 1.340904e-09  7.587452e-03 
 1.346319e-09  7.291635e-03 
 1.351887e-09  8.226556e-03 
 1.356517e-09  -5.838678e-03 
 1.361339e-09  -3.440238e-02 
 1.366766e-09  5.335708e-02 
 1.372290e-09  3.590014e-01 
 1.376935e-09  5.879495e-01 
 1.381730e-09  6.803869e-01 
 1.387277e-09  7.368060e-01 
 1.392698e-09  8.014414e-01 
 1.397378e-09  8.720827e-01 
 1.402146e-09  9.366481e-01 
 1.407767e-09  1.004965e+00 
 1.413097e-09  1.062457e+00 
 1.417806e-09  1.105947e+00 
 1.422543e-09  1.140153e+00 
 1.428101e-09  1.167842e+00 
 1.433417e-09  1.183107e+00 
 1.438128e-09  1.187971e+00 
 1.442841e-09  1.188935e+00 
 1.448387e-09  1.210680e+00 
 1.453715e-09  1.247020e+00 
 1.455025e-09  1.248598e+00 
 1.456167e-09  1.240439e+00 
 1.459821e-09  1.127761e+00 
 1.464710e-09  8.286109e-01 
 1.470612e-09  3.813563e-01 
 1.475153e-09  1.660252e-01 
 1.479960e-09  9.190791e-02 
 1.484269e-09  5.324040e-02 
 1.489561e-09  2.866930e-02 
 1.494243e-09  2.276740e-02 
 1.498886e-09  2.196163e-02 
 1.503169e-09  1.958009e-02 
 1.508406e-09  1.629918e-02 
 1.513812e-09  1.309153e-02 
 1.518467e-09  1.026284e-02 
 1.523184e-09  7.587452e-03 
 1.528599e-09  7.291635e-03 
 1.534167e-09  8.226556e-03 
 1.538796e-09  -5.838678e-03 
 1.543619e-09  -3.440238e-02 
 1.549046e-09  5.335708e-02 
 1.554570e-09  3.590014e-01 
 1.559215e-09  5.879495e-01 
 1.564010e-09  6.803869e-01 
 1.569557e-09  7.368060e-01 
 1.574978e-09  8.014414e-01 
 1.579658e-09  8.720827e-01 
 1.584426e-09  9.366481e-01 
 1.590046e-09  1.004965e+00 
 1.595376e-09  1.062457e+00 
 1.600086e-09  1.105947e+00 
 1.604823e-09  1.140153e+00 
 1.610381e-09  1.167842e+00 
 1.615697e-09  1.183107e+00 
 1.620408e-09  1.187971e+00 
 1.625121e-09  1.188935e+00 
 1.630667e-09  1.210680e+00 
 1.635995e-09  1.247020e+00 
 1.637305e-09  1.248598e+00 
 1.638447e-09  1.240439e+00 
 1.642101e-09  1.127761e+00 
 1.646990e-09  8.286109e-01 
 1.652892e-09  3.813563e-01 
 1.657433e-09  1.660252e-01 
 1.662240e-09  9.190791e-02 
 1.666549e-09  5.324040e-02 
 1.671841e-09  2.866930e-02 
 1.676522e-09  2.276740e-02 
 1.681166e-09  2.196163e-02 
 1.685449e-09  1.958009e-02 
 1.690686e-09  1.629918e-02 
 1.696092e-09  1.309153e-02 
 1.700747e-09  1.026284e-02 
 1.705464e-09  7.587452e-03 
 1.710879e-09  7.291635e-03 
 1.716447e-09  8.226556e-03 
 1.721076e-09  -5.838678e-03 
 1.725899e-09  -3.440238e-02 
 1.731326e-09  5.335708e-02 
 1.736850e-09  3.590014e-01 
 1.741495e-09  5.879495e-01 
 1.746290e-09  6.803869e-01 
 1.751837e-09  7.368060e-01 
 1.757258e-09  8.014414e-01 
 1.761938e-09  8.720827e-01 
 1.766706e-09  9.366481e-01 
 1.772326e-09  1.004965e+00 
 1.777656e-09  1.062457e+00 
 1.782366e-09  1.105947e+00 
 1.787103e-09  1.140153e+00 
 1.792661e-09  1.167842e+00 
 1.797977e-09  1.183107e+00 
 1.802688e-09  1.187971e+00 
 1.807401e-09  1.188935e+00 
 1.812947e-09  1.210680e+00 
 1.818275e-09  1.247020e+00 
 1.819585e-09  1.248598e+00 
 1.820727e-09  1.240439e+00 
 1.824381e-09  1.127761e+00 
 1.829270e-09  8.286109e-01 
 1.835172e-09  3.813563e-01 
 1.839712e-09  1.660252e-01 
 1.844520e-09  9.190791e-02 
 1.848829e-09  5.324040e-02 
 1.854121e-09  2.866930e-02 
 1.858802e-09  2.276740e-02 
 1.863446e-09  2.196163e-02 
 1.867729e-09  1.958009e-02 
 1.872966e-09  1.629918e-02 
 1.878372e-09  1.309153e-02 
 1.883027e-09  1.026284e-02 
 1.887744e-09  7.587452e-03 
 1.893159e-09  7.291635e-03 
 1.898727e-09  8.226556e-03 
 1.903356e-09  -5.838678e-03 
 1.908179e-09  -3.440238e-02 
 1.913606e-09  5.335708e-02 
 1.919130e-09  3.590014e-01 
 1.923775e-09  5.879495e-01 
 1.928570e-09  6.803869e-01 
 1.934116e-09  7.368060e-01 
 1.939538e-09  8.014414e-01 
 1.944218e-09  8.720827e-01 
 1.948986e-09  9.366481e-01 
 1.954606e-09  1.004965e+00 
 1.959936e-09  1.062457e+00 
 1.964646e-09  1.105947e+00 
 1.969383e-09  1.140153e+00 
 1.974941e-09  1.167842e+00 
 1.980256e-09  1.183107e+00 
 1.984968e-09  1.187971e+00 
 1.989681e-09  1.188935e+00 
 1.995227e-09  1.210680e+00 
 2.000555e-09  1.247020e+00 
 2.001865e-09  1.248598e+00 
 2.003007e-09  1.240439e+00 
 2.006660e-09  1.127761e+00 
 2.011550e-09  8.286109e-01 
 2.017452e-09  3.813563e-01 
 2.021992e-09  1.660252e-01 
 2.026799e-09  9.190791e-02 
 2.031109e-09  5.324040e-02 
 2.036401e-09  2.866930e-02 
 2.041082e-09  2.276740e-02 
 2.045726e-09  2.196163e-02 
 2.050009e-09  1.958009e-02 
 2.055246e-09  1.629918e-02 
 2.060652e-09  1.309153e-02 
 2.065307e-09  1.026284e-02 
 2.070024e-09  7.587452e-03 
 2.075438e-09  7.291635e-03 
 2.081007e-09  8.226556e-03 
 2.085636e-09  -5.838678e-03 
 2.090458e-09  -3.440238e-02 
 2.095886e-09  5.335708e-02 
 2.101410e-09  3.590014e-01 
 2.106055e-09  5.879495e-01 
 2.110850e-09  6.803869e-01 
 2.116396e-09  7.368060e-01 
 2.121818e-09  8.014414e-01 
 2.126497e-09  8.720827e-01 
 2.131266e-09  9.366481e-01 
 2.136886e-09  1.004965e+00 
 2.142216e-09  1.062457e+00 
 2.146926e-09  1.105947e+00 
 2.151663e-09  1.140153e+00 
 2.157221e-09  1.167842e+00 
 2.162536e-09  1.183107e+00 
 2.167247e-09  1.187971e+00 
 2.171961e-09  1.188935e+00 
 2.177507e-09  1.210680e+00 
 2.182835e-09  1.247020e+00 
 2.184145e-09  1.248598e+00 
 2.185287e-09  1.240439e+00 
 2.188940e-09  1.127761e+00 
 2.193830e-09  8.286109e-01 
 2.199732e-09  3.813563e-01 
 2.204272e-09  1.660252e-01 
 2.209079e-09  9.190791e-02 
 2.213389e-09  5.324040e-02 
 2.218680e-09  2.866930e-02 
 2.223362e-09  2.276740e-02 
 2.228006e-09  2.196163e-02 
 2.232289e-09  1.958009e-02 
 2.237526e-09  1.629918e-02 
 2.242932e-09  1.309153e-02 
 2.247587e-09  1.026284e-02 
 2.252304e-09  7.587452e-03 
 2.257718e-09  7.291635e-03 
 2.263287e-09  8.226556e-03 
 2.267916e-09  -5.838678e-03 
 2.272738e-09  -3.440238e-02 
 2.278166e-09  5.335708e-02 
 2.283690e-09  3.590014e-01 
 2.288335e-09  5.879495e-01 
 2.293130e-09  6.803869e-01 
 2.298676e-09  7.368060e-01 
 2.304098e-09  8.014414e-01 
 2.308777e-09  8.720827e-01 
 2.313545e-09  9.366481e-01 
 2.319166e-09  1.004965e+00 
 2.324496e-09  1.062457e+00 
 2.329206e-09  1.105947e+00 
 2.333943e-09  1.140153e+00 
 2.339501e-09  1.167842e+00 
 2.344816e-09  1.183107e+00 
 2.349527e-09  1.187971e+00 
 2.354241e-09  1.188935e+00 
 2.359787e-09  1.210680e+00 
 2.365115e-09  1.247020e+00 
 2.366425e-09  1.248598e+00 
 2.367567e-09  1.240439e+00 
 2.371220e-09  1.127761e+00 
 2.376110e-09  8.286109e-01 
 2.382012e-09  3.813563e-01 
 2.386552e-09  1.660252e-01 
 2.391359e-09  9.190791e-02 
 2.395669e-09  5.324040e-02 
 2.400960e-09  2.866930e-02 
 2.405642e-09  2.276740e-02 
 2.410286e-09  2.196163e-02 
 2.414569e-09  1.958009e-02 
 2.419806e-09  1.629918e-02 
 2.425212e-09  1.309153e-02 
 2.429867e-09  1.026284e-02 
 2.434584e-09  7.587452e-03 
 2.439998e-09  7.291635e-03 
 2.445567e-09  8.226556e-03 
 2.450196e-09  -5.838678e-03 
 2.455018e-09  -3.440238e-02 
 2.460446e-09  5.335708e-02 
 2.465970e-09  3.590014e-01 
 2.470615e-09  5.879495e-01 
 2.475410e-09  6.803869e-01 
 2.480956e-09  7.368060e-01 
 2.486378e-09  8.014414e-01 
 2.491057e-09  8.720827e-01 
 2.495825e-09  9.366481e-01 
 2.501446e-09  1.004965e+00 
 2.506776e-09  1.062457e+00 
 2.511486e-09  1.105947e+00 
 2.516223e-09  1.140153e+00 
 2.521781e-09  1.167842e+00 
 2.527096e-09  1.183107e+00 
 2.531807e-09  1.187971e+00 
 2.536521e-09  1.188935e+00 
 2.542067e-09  1.210680e+00 
 2.547395e-09  1.247020e+00 
 2.548705e-09  1.248598e+00 
 2.549847e-09  1.240439e+00 
 2.553500e-09  1.127761e+00 
 2.558390e-09  8.286109e-01 
 2.564292e-09  3.813563e-01 
 2.568832e-09  1.660252e-01 
 2.573639e-09  9.190791e-02 
 2.577949e-09  5.324040e-02 
 2.583240e-09  2.866930e-02 
 2.587922e-09  2.276740e-02 
 2.592565e-09  2.196163e-02 
 2.596849e-09  1.958009e-02 
 2.602086e-09  1.629918e-02 
 2.607492e-09  1.309153e-02 
 2.612146e-09  1.026284e-02 
 2.616864e-09  7.587452e-03 
 2.622278e-09  7.291635e-03 
 2.627847e-09  8.226556e-03 
 2.632476e-09  -5.838678e-03 
 2.637298e-09  -3.440238e-02 
 2.642726e-09  5.335708e-02 
 2.648250e-09  3.590014e-01 
 2.652895e-09  5.879495e-01 
 2.657690e-09  6.803869e-01 
 2.663236e-09  7.368060e-01 
 2.668658e-09  8.014414e-01 
 2.673337e-09  8.720827e-01 
 2.678105e-09  9.366481e-01 
 2.683726e-09  1.004965e+00 
 2.689056e-09  1.062457e+00 
 2.693766e-09  1.105947e+00 
 2.698503e-09  1.140153e+00 
 2.704061e-09  1.167842e+00 
 2.709376e-09  1.183107e+00 
 2.714087e-09  1.187971e+00 
 2.718801e-09  1.188935e+00 
 2.724347e-09  1.210680e+00 
 2.729674e-09  1.247020e+00 
 2.730985e-09  1.248598e+00 
 2.732127e-09  1.240439e+00 
 2.735780e-09  1.127761e+00 
 2.740669e-09  8.286109e-01 
 2.746572e-09  3.813563e-01 
 2.751112e-09  1.660252e-01 
 2.755919e-09  9.190791e-02 
 2.760229e-09  5.324040e-02 
 2.765520e-09  2.866930e-02 
 2.770202e-09  2.276740e-02 
 2.774845e-09  2.196163e-02 
 2.779128e-09  1.958009e-02 
 2.784365e-09  1.629918e-02 
 2.789772e-09  1.309153e-02 
 2.794426e-09  1.026284e-02 
 2.799144e-09  7.587452e-03 
 2.804558e-09  7.291635e-03 
 2.810127e-09  8.226556e-03 
 2.814756e-09  -5.838678e-03 
 2.819578e-09  -3.440238e-02 
 2.825006e-09  5.335708e-02 
 2.830530e-09  3.590014e-01 
 2.835175e-09  5.879495e-01 
 2.839970e-09  6.803869e-01 
 2.845516e-09  7.368060e-01 
 2.850937e-09  8.014414e-01 
 2.855617e-09  8.720827e-01 
 2.860385e-09  9.366481e-01 
 2.866006e-09  1.004965e+00 
 2.871336e-09  1.062457e+00 
 2.876046e-09  1.105947e+00 
 2.880782e-09  1.140153e+00 
 2.886340e-09  1.167842e+00 
 2.891656e-09  1.183107e+00 
 2.896367e-09  1.187971e+00 
 2.901080e-09  1.188935e+00 
 2.906626e-09  1.210680e+00 
 2.911954e-09  1.247020e+00 
 2.913265e-09  1.248598e+00 
 2.914406e-09  1.240439e+00 
 2.918060e-09  1.127761e+00 
 2.922949e-09  8.286109e-01 
 2.928852e-09  3.813563e-01 
 2.933392e-09  1.660252e-01 
 2.938199e-09  9.190791e-02 
 2.942509e-09  5.324040e-02 
 2.947800e-09  2.866930e-02 
 2.952482e-09  2.276740e-02 
 2.957125e-09  2.196163e-02 
 2.961408e-09  1.958009e-02 
 2.966645e-09  1.629918e-02 
 2.972052e-09  1.309153e-02 
 2.976706e-09  1.026284e-02 
 2.981424e-09  7.587452e-03 
 2.986838e-09  7.291635e-03 
 2.992407e-09  8.226556e-03 
 2.997036e-09  -5.838678e-03 
 3.001858e-09  -3.440238e-02 
 3.007286e-09  5.335708e-02 
 3.012810e-09  3.590014e-01 
 3.017455e-09  5.879495e-01 
 3.022250e-09  6.803869e-01 
 3.027796e-09  7.368060e-01 
 3.033217e-09  8.014414e-01 
 3.037897e-09  8.720827e-01 
 3.042665e-09  9.366481e-01 
 3.048286e-09  1.004965e+00 
 3.053616e-09  1.062457e+00 
 3.058326e-09  1.105947e+00 
 3.063062e-09  1.140153e+00 
 3.068620e-09  1.167842e+00 
 3.073936e-09  1.183107e+00 
 3.078647e-09  1.187971e+00 
 3.083360e-09  1.188935e+00 
 3.088906e-09  1.210680e+00 
 3.094234e-09  1.247020e+00 
 3.095544e-09  1.248598e+00 
 3.096686e-09  1.240439e+00 
 3.100340e-09  1.127761e+00 
 3.105229e-09  8.286109e-01 
 3.111132e-09  3.813563e-01 
 3.115672e-09  1.660252e-01 
 3.120479e-09  9.190791e-02 
 3.124789e-09  5.324040e-02 
 3.130080e-09  2.866930e-02 
 3.134762e-09  2.276740e-02 
 3.139405e-09  2.196163e-02 
 3.143688e-09  1.958009e-02 
 3.148925e-09  1.629918e-02 
 3.154332e-09  1.309153e-02 
 3.158986e-09  1.026284e-02 
 3.163704e-09  7.587452e-03 
 3.169118e-09  7.291635e-03 
 3.174687e-09  8.226556e-03 
 3.179316e-09  -5.838678e-03 
 3.184138e-09  -3.440238e-02 
 3.189566e-09  5.335708e-02 
 3.195090e-09  3.590014e-01 
 3.199734e-09  5.879495e-01 
 3.204530e-09  6.803869e-01 
 3.210076e-09  7.368060e-01 
 3.215497e-09  8.014414e-01 
 3.220177e-09  8.720827e-01 
 3.224945e-09  9.366481e-01 
 3.230566e-09  1.004965e+00 
 3.235896e-09  1.062457e+00 
 3.240606e-09  1.105947e+00 
 3.245342e-09  1.140153e+00 
 3.250900e-09  1.167842e+00 
 3.256216e-09  1.183107e+00 
 3.260927e-09  1.187971e+00 
 3.265640e-09  1.188935e+00 
 3.271186e-09  1.210680e+00 
 3.276514e-09  1.247020e+00 
 3.277824e-09  1.248598e+00 
 3.278966e-09  1.240439e+00 
 3.282620e-09  1.127761e+00 
 3.287509e-09  8.286109e-01 
 3.293412e-09  3.813563e-01 
 3.297952e-09  1.660252e-01 
 3.302759e-09  9.190791e-02 
 3.307069e-09  5.324040e-02 
 3.312360e-09  2.866930e-02 
 3.317042e-09  2.276740e-02 
 3.321685e-09  2.196163e-02 
 3.325968e-09  1.958009e-02 
 3.331205e-09  1.629918e-02 
 3.336611e-09  1.309153e-02 
 3.341266e-09  1.026284e-02 
 3.345983e-09  7.587452e-03 
 3.351398e-09  7.291635e-03 
 3.356966e-09  8.226556e-03 
 3.361596e-09  -5.838678e-03 
 3.366418e-09  -3.440238e-02 
 3.371846e-09  5.335708e-02 
 3.377369e-09  3.590014e-01 
 3.382014e-09  5.879495e-01 
 3.386809e-09  6.803869e-01 
 3.392356e-09  7.368060e-01 
 3.397777e-09  8.014414e-01 
 3.402457e-09  8.720827e-01 
 3.407225e-09  9.366481e-01 
 3.412846e-09  1.004965e+00 
 3.418176e-09  1.062457e+00 
 3.422885e-09  1.105947e+00 
 3.427622e-09  1.140153e+00 
 3.433180e-09  1.167842e+00 
 3.438496e-09  1.183107e+00 
 3.443207e-09  1.187971e+00 
 3.447920e-09  1.188935e+00 
 3.453466e-09  1.210680e+00 
 3.458794e-09  1.247020e+00 
 3.460104e-09  1.248598e+00 
 3.461246e-09  1.240439e+00 
 3.464900e-09  1.127761e+00 
 3.469789e-09  8.286109e-01 
 3.475692e-09  3.813563e-01 
 3.480232e-09  1.660252e-01 
 3.485039e-09  9.190791e-02 
 3.489349e-09  5.324040e-02 
 3.494640e-09  2.866930e-02 
 3.499322e-09  2.276740e-02 
 3.503965e-09  2.196163e-02 
 3.508248e-09  1.958009e-02 
 3.513485e-09  1.629918e-02 
 3.518891e-09  1.309153e-02 
 3.523546e-09  1.026284e-02 
 3.528263e-09  7.587452e-03 
 3.533678e-09  7.291635e-03 
 3.539246e-09  8.226556e-03 
 3.543876e-09  -5.838678e-03 
 3.548698e-09  -3.440238e-02 
 3.554126e-09  5.335708e-02 
 3.559649e-09  3.590014e-01 
 3.564294e-09  5.879495e-01 
 3.569089e-09  6.803869e-01 
 3.574636e-09  7.368060e-01 
 3.580057e-09  8.014414e-01 
 3.584737e-09  8.720827e-01 
 3.589505e-09  9.366481e-01 
 3.595126e-09  1.004965e+00 
 3.600456e-09  1.062457e+00 
 3.605165e-09  1.105947e+00 
 3.609902e-09  1.140153e+00 
 3.615460e-09  1.167842e+00 
 3.620776e-09  1.183107e+00 
 3.625487e-09  1.187971e+00 
 3.630200e-09  1.188935e+00 
 3.635746e-09  1.210680e+00 
 3.641074e-09  1.247020e+00 
 3.642384e-09  1.248598e+00 
 3.643526e-09  1.240439e+00 
 3.647180e-09  1.127761e+00 
 3.652069e-09  8.286109e-01 
 3.657971e-09  3.813563e-01 
 3.662512e-09  1.660252e-01 
 3.667319e-09  9.190791e-02 
 3.671628e-09  5.324040e-02 
 3.676920e-09  2.866930e-02 
 3.681602e-09  2.276740e-02 
 3.686245e-09  2.196163e-02 
 3.690528e-09  1.958009e-02 
 3.695765e-09  1.629918e-02 
 3.701171e-09  1.309153e-02 
 3.705826e-09  1.026284e-02 
 3.710543e-09  7.587452e-03 
 3.715958e-09  7.291635e-03 
 3.721526e-09  8.226556e-03 
 3.726156e-09  -5.838678e-03 
 3.730978e-09  -3.440238e-02 
 3.736405e-09  5.335708e-02 
 3.741929e-09  3.590014e-01 
 3.746574e-09  5.879495e-01 
 3.751369e-09  6.803869e-01 
 3.756916e-09  7.368060e-01 
 3.762337e-09  8.014414e-01 
 3.767017e-09  8.720827e-01 
 3.771785e-09  9.366481e-01 
 3.777405e-09  1.004965e+00 
 3.782735e-09  1.062457e+00 
 3.787445e-09  1.105947e+00 
 3.792182e-09  1.140153e+00 
 3.797740e-09  1.167842e+00 
 3.803056e-09  1.183107e+00 
 3.807767e-09  1.187971e+00 
 3.812480e-09  1.188935e+00 
 3.818026e-09  1.210680e+00 
 3.823354e-09  1.247020e+00 
 3.824664e-09  1.248598e+00 
 3.825806e-09  1.240439e+00 
 3.829460e-09  1.127761e+00 
 3.834349e-09  8.286109e-01 
 3.840251e-09  3.813563e-01 
 3.844792e-09  1.660252e-01 
 3.849599e-09  9.190791e-02 
 3.853908e-09  5.324040e-02 
 3.859200e-09  2.866930e-02 
 3.863882e-09  2.276740e-02 
 3.868525e-09  2.196163e-02 
 3.872808e-09  1.958009e-02 
 3.878045e-09  1.629918e-02 
 3.883451e-09  1.309153e-02 
 3.888106e-09  1.026284e-02 
 3.892823e-09  7.587452e-03 
 3.898238e-09  7.291635e-03 
 3.903806e-09  8.226556e-03 
 3.908436e-09  -5.838678e-03 
 3.913258e-09  -3.440238e-02 
 3.918685e-09  5.335708e-02 
 3.924209e-09  3.590014e-01 
 3.928854e-09  5.879495e-01 
 3.933649e-09  6.803869e-01 
 3.939196e-09  7.368060e-01 
 3.944617e-09  8.014414e-01 
 3.949297e-09  8.720827e-01 
 3.954065e-09  9.366481e-01 
 3.959685e-09  1.004965e+00 
 3.965015e-09  1.062457e+00 
 3.969725e-09  1.105947e+00 
 3.974462e-09  1.140153e+00 
 3.980020e-09  1.167842e+00 
 3.985336e-09  1.183107e+00 
 3.990047e-09  1.187971e+00 
 3.994760e-09  1.188935e+00 
 4.000306e-09  1.210680e+00 
 4.005634e-09  1.247020e+00 
 4.006944e-09  1.248598e+00 
 4.008086e-09  1.240439e+00 
 4.011740e-09  1.127761e+00 
 4.016629e-09  8.286109e-01 
 4.022531e-09  3.813563e-01 
 4.027072e-09  1.660252e-01 
 4.031879e-09  9.190791e-02 
 4.036188e-09  5.324040e-02 
 4.041480e-09  2.866930e-02 
 4.046162e-09  2.276740e-02 
 4.050805e-09  2.196163e-02 
 4.055088e-09  1.958009e-02 
 4.060325e-09  1.629918e-02 
 4.065731e-09  1.309153e-02 
 4.070386e-09  1.026284e-02 
 4.075103e-09  7.587452e-03 
 4.080518e-09  7.291635e-03 
 4.086086e-09  8.226556e-03 
 4.090715e-09  -5.838678e-03 
 4.095538e-09  -3.440238e-02 
 4.100965e-09  5.335708e-02 
 4.106489e-09  3.590014e-01 
 4.111134e-09  5.879495e-01 
 4.115929e-09  6.803869e-01 
 4.121476e-09  7.368060e-01 
 4.126897e-09  8.014414e-01 
 4.131577e-09  8.720827e-01 
 4.136345e-09  9.366481e-01 
 4.141965e-09  1.004965e+00 
 4.147295e-09  1.062457e+00 
 4.152005e-09  1.105947e+00 
 4.156742e-09  1.140153e+00 
 4.162300e-09  1.167842e+00 
 4.167616e-09  1.183107e+00 
 4.172327e-09  1.187971e+00 
 4.177040e-09  1.188935e+00 
 4.182586e-09  1.210680e+00 
 4.187914e-09  1.247020e+00 
 4.189224e-09  1.248598e+00 
 4.190366e-09  1.240439e+00 
 4.194020e-09  1.127761e+00 
 4.198909e-09  8.286109e-01 
 4.204811e-09  3.813563e-01 
 4.209352e-09  1.660252e-01 
 4.214159e-09  9.190791e-02 
 4.218468e-09  5.324040e-02 
 4.223760e-09  2.866930e-02 
 4.228442e-09  2.276740e-02 
 4.233085e-09  2.196163e-02 
 4.237368e-09  1.958009e-02 
 4.242605e-09  1.629918e-02 
 4.248011e-09  1.309153e-02 
 4.252666e-09  1.026284e-02 
 4.257383e-09  7.587452e-03 
 4.262798e-09  7.291635e-03 
 4.268366e-09  8.226556e-03 
 4.272995e-09  -5.838678e-03 
 4.277818e-09  -3.440238e-02 
 4.283245e-09  5.335708e-02 
 4.288769e-09  3.590014e-01 
 4.293414e-09  5.879495e-01 
 4.298209e-09  6.803869e-01 
 4.303756e-09  7.368060e-01 
 4.309177e-09  8.014414e-01 
 4.313857e-09  8.720827e-01 
 4.318625e-09  9.366481e-01 
 4.324245e-09  1.004965e+00 
 4.329575e-09  1.062457e+00 
 4.334285e-09  1.105947e+00 
 4.339022e-09  1.140153e+00 
 4.344580e-09  1.167842e+00 
 4.349896e-09  1.183107e+00 
 4.354606e-09  1.187971e+00 
 4.359320e-09  1.188935e+00 
 4.364866e-09  1.210680e+00 
 4.370194e-09  1.247020e+00 
 4.371504e-09  1.248598e+00 
 4.372646e-09  1.240439e+00 
 4.376300e-09  1.127761e+00 
 4.381189e-09  8.286109e-01 
 4.387091e-09  3.813563e-01 
 4.391632e-09  1.660252e-01 
 4.396439e-09  9.190791e-02 
 4.400748e-09  5.324040e-02 
 4.406040e-09  2.866930e-02 
 4.410722e-09  2.276740e-02 
 4.415365e-09  2.196163e-02 
 4.419648e-09  1.958009e-02 
 4.424885e-09  1.629918e-02 
 4.430291e-09  1.309153e-02 
 4.434946e-09  1.026284e-02 
 4.439663e-09  7.587452e-03 
 4.445078e-09  7.291635e-03 
 4.450646e-09  8.226556e-03 
 4.455275e-09  -5.838678e-03 
 4.460098e-09  -3.440238e-02 
 4.465525e-09  5.335708e-02 
 4.471049e-09  3.590014e-01 
 4.475694e-09  5.879495e-01 
 4.480489e-09  6.803869e-01 
 4.486036e-09  7.368060e-01 
 4.491457e-09  8.014414e-01 
 4.496137e-09  8.720827e-01 
 4.500905e-09  9.366481e-01 
 4.506525e-09  1.004965e+00 
 4.511855e-09  1.062457e+00 
 4.516565e-09  1.105947e+00 
 4.521302e-09  1.140153e+00 
 4.526860e-09  1.167842e+00 
 4.532176e-09  1.183107e+00 
 4.536886e-09  1.187971e+00 
 4.541600e-09  1.188935e+00 
 4.547146e-09  1.210680e+00 
 4.552474e-09  1.247020e+00 
 4.553784e-09  1.248598e+00 
 4.554926e-09  1.240439e+00 
 4.558580e-09  1.127761e+00 
 4.563469e-09  8.286109e-01 
 4.569371e-09  3.813563e-01 
 4.573911e-09  1.660252e-01 
 4.578719e-09  9.190791e-02 
 4.583028e-09  5.324040e-02 
 4.588320e-09  2.866930e-02 
 4.593002e-09  2.276740e-02 
 4.597645e-09  2.196163e-02 
 4.601928e-09  1.958009e-02 
 4.607165e-09  1.629918e-02 
 4.612571e-09  1.309153e-02 
 4.617226e-09  1.026284e-02 
 4.621943e-09  7.587452e-03 
 4.627358e-09  7.291635e-03 
 4.632926e-09  8.226556e-03 
 4.637555e-09  -5.838678e-03 
 4.642378e-09  -3.440238e-02 
 4.647805e-09  5.335708e-02 
 4.653329e-09  3.590014e-01 
 4.657974e-09  5.879495e-01 
 4.662769e-09  6.803869e-01 
 4.668316e-09  7.368060e-01 
 4.673737e-09  8.014414e-01 
 4.678417e-09  8.720827e-01 
 4.683185e-09  9.366481e-01 
 4.688805e-09  1.004965e+00 
 4.694135e-09  1.062457e+00 
 4.698845e-09  1.105947e+00 
 4.703582e-09  1.140153e+00 
 4.709140e-09  1.167842e+00 
 4.714455e-09  1.183107e+00 
 4.719166e-09  1.187971e+00 
 4.723880e-09  1.188935e+00 
 4.729426e-09  1.210680e+00 
 4.734754e-09  1.247020e+00 
 4.736064e-09  1.248598e+00 
 4.737206e-09  1.240439e+00 
 4.740860e-09  1.127761e+00 
 4.745749e-09  8.286109e-01 
 4.751651e-09  3.813563e-01 
 4.756191e-09  1.660252e-01 
 4.760998e-09  9.190791e-02 
 4.765308e-09  5.324040e-02 
 4.770599e-09  2.866930e-02 
 4.775282e-09  2.276740e-02 
 4.779924e-09  2.196163e-02 
 4.784208e-09  1.958009e-02 
 4.789445e-09  1.629918e-02 
 4.794851e-09  1.309153e-02 
 4.799506e-09  1.026284e-02 
 4.804223e-09  7.587452e-03 
 4.809638e-09  7.291635e-03 
 4.815206e-09  8.226556e-03 
 4.819835e-09  -5.838678e-03 
 4.824658e-09  -3.440238e-02 
 4.830085e-09  5.335708e-02 
 4.835609e-09  3.590014e-01 
 4.840254e-09  5.879495e-01 
 4.845049e-09  6.803869e-01 
 4.850595e-09  7.368060e-01 
 4.856017e-09  8.014414e-01 
 4.860697e-09  8.720827e-01 
 4.865464e-09  9.366481e-01 
 4.871085e-09  1.004965e+00 
 4.876415e-09  1.062457e+00 
 4.881125e-09  1.105947e+00 
 4.885861e-09  1.140153e+00 
 4.891420e-09  1.167842e+00 
 4.896735e-09  1.183107e+00 
 4.901446e-09  1.187971e+00 
 4.906160e-09  1.188935e+00 
 4.911706e-09  1.210680e+00 
 4.917034e-09  1.247020e+00 
 4.918344e-09  1.248598e+00 
 4.919486e-09  1.240439e+00 
 4.923139e-09  1.127761e+00 
 4.928029e-09  8.286109e-01 
 4.933931e-09  3.813563e-01 
 4.938471e-09  1.660252e-01 
 4.943278e-09  9.190791e-02 
 4.947588e-09  5.324040e-02 
 4.952879e-09  2.866930e-02 
 4.957561e-09  2.276740e-02 
 4.962204e-09  2.196163e-02 
 4.966488e-09  1.958009e-02 
 4.971725e-09  1.629918e-02 
 4.977131e-09  1.309153e-02 
 4.981786e-09  1.026284e-02 
 4.986503e-09  7.587452e-03 
 4.991918e-09  7.291635e-03 
 4.997486e-09  8.226556e-03 
 5.000000e-09  3.138931e-03 
