mgc_rve_context_lcv "TIGFET10nm" "G2_NAND2_N3" "layout" 1000
mgc_rve_highlight_index 0 "A" "#0000FFFF0000"
mgc_rve_layer "M1"
mr 0.069 0.15 0.097 0.311
mr 0.207 0.279 0.235 0.311
mgc_rve_layer "IL"
mr 0.069 0.128 0.097 0.196
mr 0.069 0.261 0.097 0.329
mr 0.207 0.261 0.235 0.329
mgc_rve_layer "GC"
mr 0.069 0.144 0.097 0.188
mr 0.069 0.273 0.097 0.317
mr 0.207 0.273 0.235 0.317
mgc_rve_layer "GATE"
mr 0.073 0 0.093 0.146
mr 0.073 0.315 0.093 0.457
mp 8 0.038 0 0.058 0 0.058 0.264 0.231 0.264 0.231 0.457 0.211 0.457 0.211 0.284 0.038 0.284
mgc_rve_layer "gate_conn"
mr 0.038 0.01 0.058 0.122
mr 0.073 0.01 0.093 0.122
mr 0.073 0.335 0.093 0.447
mr 0.211 0.335 0.231 0.447
mgc_rve_zoom -0.004 -0.097 0.277 0.554 1
