# [0]VOLTS  [1]isub_xnmos_d  [2]isub_xpmos_d 
 0.000000e+00  1.666818e-21  -2.815262e-06 
 5.000000e-03  1.139808e-11  -2.788044e-06 
 1.000000e-02  2.279616e-11  -2.760826e-06 
 1.500000e-02  3.419424e-11  -2.733606e-06 
 2.000000e-02  4.559233e-11  -2.706387e-06 
 2.500000e-02  5.699041e-11  -2.679167e-06 
 3.000000e-02  6.183525e-11  -2.651947e-06 
 3.500000e-02  6.668009e-11  -2.624726e-06 
 4.000000e-02  7.152492e-11  -2.597505e-06 
 4.500000e-02  7.636976e-11  -2.570283e-06 
 5.000000e-02  8.121460e-11  -2.542993e-06 
 5.500000e-02  8.334636e-11  -2.512416e-06 
 6.000000e-02  8.547811e-11  -2.481838e-06 
 6.500000e-02  8.760987e-11  -2.451260e-06 
 7.000000e-02  8.974162e-11  -2.420681e-06 
 7.500000e-02  9.187338e-11  -2.390076e-06 
 8.000000e-02  9.284517e-11  -2.358144e-06 
 8.500000e-02  9.381695e-11  -2.326212e-06 
 9.000000e-02  9.478874e-11  -2.294279e-06 
 9.500000e-02  9.576052e-11  -2.262346e-06 
 1.000000e-01  9.673231e-11  -2.230403e-06 
 1.050000e-01  9.719693e-11  -2.197969e-06 
 1.100000e-01  9.766155e-11  -2.165534e-06 
 1.150000e-01  9.812617e-11  -2.133099e-06 
 1.200000e-01  9.859079e-11  -2.100664e-06 
 1.250000e-01  9.905540e-11  -2.068247e-06 
 1.300000e-01  9.930107e-11  -2.036957e-06 
 1.350000e-01  9.954675e-11  -2.005666e-06 
 1.400000e-01  9.979242e-11  -1.974375e-06 
 1.450000e-01  1.000381e-10  -1.943084e-06 
 1.500000e-01  1.002838e-10  -1.911835e-06 
 1.550000e-01  1.004370e-10  -1.883362e-06 
 1.600000e-01  1.005902e-10  -1.854890e-06 
 1.650000e-01  1.007434e-10  -1.826416e-06 
 1.700000e-01  1.008967e-10  -1.797943e-06 
 1.750000e-01  1.010499e-10  -1.769546e-06 
 1.800000e-01  1.011647e-10  -1.746532e-06 
 1.850000e-01  1.012794e-10  -1.723518e-06 
 1.900000e-01  1.013942e-10  -1.700503e-06 
 1.950000e-01  1.015090e-10  -1.677488e-06 
 2.000000e-01  1.016238e-10  -1.654569e-06 
 2.050000e-01  1.017227e-10  -1.638810e-06 
 2.100000e-01  1.018217e-10  -1.623051e-06 
 2.150000e-01  1.019207e-10  -1.607291e-06 
 2.200000e-01  1.020196e-10  -1.591532e-06 
 2.250000e-01  1.021186e-10  -1.575878e-06 
 2.300000e-01  1.022109e-10  -1.568540e-06 
 2.350000e-01  1.023032e-10  -1.561201e-06 
 2.400000e-01  1.023955e-10  -1.553863e-06 
 2.450000e-01  1.024878e-10  -1.546524e-06 
 2.500000e-01  1.025801e-10  -1.539192e-06 
 2.550000e-01  1.026694e-10  -1.532403e-06 
 2.600000e-01  1.027588e-10  -1.525614e-06 
 2.650000e-01  1.028481e-10  -1.518825e-06 
 2.700000e-01  1.029374e-10  -1.512036e-06 
 2.750000e-01  1.030267e-10  -1.505209e-06 
 2.800000e-01  1.031145e-10  -1.495249e-06 
 2.850000e-01  1.032023e-10  -1.485289e-06 
 2.900000e-01  1.032901e-10  -1.475328e-06 
 2.950000e-01  1.033779e-10  -1.465368e-06 
 3.000000e-01  1.034656e-10  -1.455392e-06 
 3.050000e-01  1.035524e-10  -1.444040e-06 
 3.100000e-01  1.036392e-10  -1.432688e-06 
 3.150000e-01  1.037260e-10  -1.421337e-06 
 3.200000e-01  1.038127e-10  -1.409985e-06 
 3.250000e-01  1.038995e-10  -1.398622e-06 
 3.300000e-01  1.039854e-10  -1.386302e-06 
 3.350000e-01  1.040714e-10  -1.373981e-06 
 3.400000e-01  1.041573e-10  -1.361661e-06 
 3.450000e-01  1.042433e-10  -1.349340e-06 
 3.500000e-01  1.043293e-10  -1.337017e-06 
 3.550000e-01  1.044144e-10  -1.324444e-06 
 3.600000e-01  1.044995e-10  -1.311870e-06 
 3.650000e-01  1.045846e-10  -1.299297e-06 
 3.700000e-01  1.046698e-10  -1.286723e-06 
 3.750000e-01  1.047549e-10  -1.274153e-06 
 3.800000e-01  1.048391e-10  -1.261839e-06 
 3.850000e-01  1.049233e-10  -1.249525e-06 
 3.900000e-01  1.050076e-10  -1.237211e-06 
 3.950000e-01  1.050918e-10  -1.224897e-06 
 4.000000e-01  1.051760e-10  -1.212584e-06 
 4.050000e-01  1.052592e-10  -1.200311e-06 
 4.100000e-01  1.053423e-10  -1.188037e-06 
 4.150000e-01  1.054255e-10  -1.175764e-06 
 4.200000e-01  1.055086e-10  -1.163491e-06 
 4.250000e-01  1.055918e-10  -1.151219e-06 
 4.300000e-01  1.056736e-10  -1.139135e-06 
 4.350000e-01  1.057555e-10  -1.127051e-06 
 4.400000e-01  1.058373e-10  -1.114967e-06 
 4.450000e-01  1.059191e-10  -1.102884e-06 
 4.500000e-01  1.060010e-10  -1.090802e-06 
 4.550000e-01  1.060810e-10  -1.078972e-06 
 4.600000e-01  1.061610e-10  -1.067142e-06 
 4.650000e-01  1.062410e-10  -1.055312e-06 
 4.700000e-01  1.063211e-10  -1.043482e-06 
 4.750000e-01  1.064011e-10  -1.031653e-06 
 4.800000e-01  1.064785e-10  -1.019913e-06 
 4.850000e-01  1.065559e-10  -1.008172e-06 
 4.900000e-01  1.066332e-10  -9.964316e-07 
 4.950000e-01  1.067106e-10  -9.846909e-07 
 5.000000e-01  1.067880e-10  -9.729491e-07 
 5.050000e-01  1.068612e-10  -9.610555e-07 
 5.100000e-01  1.069344e-10  -9.491620e-07 
 5.150000e-01  1.070075e-10  -9.372684e-07 
 5.200000e-01  1.070807e-10  -9.253747e-07 
 5.250000e-01  1.071539e-10  -9.134783e-07 
 5.300000e-01  1.072200e-10  -9.012152e-07 
 5.350000e-01  1.072861e-10  -8.889521e-07 
 5.400000e-01  1.073521e-10  -8.766888e-07 
 5.450000e-01  1.074182e-10  -8.644256e-07 
 5.500000e-01  1.074843e-10  -8.521558e-07 
 5.550000e-01  1.075377e-10  -8.389493e-07 
 5.600000e-01  1.075911e-10  -8.257428e-07 
 5.650000e-01  1.076445e-10  -8.125361e-07 
 5.700000e-01  1.076978e-10  -7.993295e-07 
 5.750000e-01  1.077512e-10  -7.861094e-07 
 5.800000e-01  1.077811e-10  -7.707838e-07 
 5.850000e-01  1.078110e-10  -7.554581e-07 
 5.900000e-01  1.078409e-10  -7.401323e-07 
 5.950000e-01  1.078708e-10  -7.248064e-07 
 6.000000e-01  1.079007e-10  -7.094550e-07 
 6.050000e-01  1.078858e-10  -6.896640e-07 
 6.100000e-01  1.078710e-10  -6.698728e-07 
 6.150000e-01  1.078562e-10  -6.500814e-07 
 6.200000e-01  1.078414e-10  -6.302899e-07 
 6.250000e-01  1.078265e-10  -6.104586e-07 
 6.300000e-01  1.077267e-10  -5.825430e-07 
 6.350000e-01  1.076269e-10  -5.546270e-07 
 6.400000e-01  1.075270e-10  -5.267108e-07 
 6.450000e-01  1.074272e-10  -4.987943e-07 
 6.500000e-01  1.073274e-10  -4.708320e-07 
 6.550000e-01  1.070750e-10  -4.308298e-07 
 6.600000e-01  1.068226e-10  -3.908269e-07 
 6.650000e-01  1.065702e-10  -3.508235e-07 
 6.700000e-01  1.063177e-10  -3.108194e-07 
 6.750000e-01  1.060653e-10  -2.707840e-07 
 6.800000e-01  1.055680e-10  -2.166294e-07 
 6.850000e-01  1.050706e-10  -1.624738e-07 
 6.900000e-01  1.045732e-10  -1.083170e-07 
 6.950000e-01  1.040758e-10  -5.415909e-08 
 7.000000e-01  1.035785e-10  -6.656897e-14 

 0.000000e+00  2.895486e-20  -2.038694e-06 
 5.000000e-03  1.995571e-10  -2.028573e-06 
 1.000000e-02  3.991142e-10  -2.018451e-06 
 1.500000e-02  5.986713e-10  -2.008329e-06 
 2.000000e-02  7.982284e-10  -1.998207e-06 
 2.500000e-02  9.977855e-10  -1.988085e-06 
 3.000000e-02  1.085168e-09  -1.977964e-06 
 3.500000e-02  1.172549e-09  -1.967841e-06 
 4.000000e-02  1.259930e-09  -1.957719e-06 
 4.500000e-02  1.347311e-09  -1.947597e-06 
 5.000000e-02  1.434692e-09  -1.937434e-06 
 5.500000e-02  1.475131e-09  -1.924675e-06 
 6.000000e-02  1.515569e-09  -1.911915e-06 
 6.500000e-02  1.556007e-09  -1.899155e-06 
 7.000000e-02  1.596445e-09  -1.886395e-06 
 7.500000e-02  1.636883e-09  -1.873603e-06 
 8.000000e-02  1.656940e-09  -1.858744e-06 
 8.500000e-02  1.676998e-09  -1.843885e-06 
 9.000000e-02  1.697056e-09  -1.829026e-06 
 9.500000e-02  1.717113e-09  -1.814166e-06 
 1.000000e-01  1.737171e-09  -1.799283e-06 
 1.050000e-01  1.747859e-09  -1.782786e-06 
 1.100000e-01  1.758547e-09  -1.766289e-06 
 1.150000e-01  1.769235e-09  -1.749791e-06 
 1.200000e-01  1.779923e-09  -1.733293e-06 
 1.250000e-01  1.790610e-09  -1.716785e-06 
 1.300000e-01  1.796742e-09  -1.699551e-06 
 1.350000e-01  1.802872e-09  -1.682317e-06 
 1.400000e-01  1.809003e-09  -1.665083e-06 
 1.450000e-01  1.815134e-09  -1.647849e-06 
 1.500000e-01  1.821265e-09  -1.630622e-06 
 1.550000e-01  1.825025e-09  -1.613988e-06 
 1.600000e-01  1.828785e-09  -1.597354e-06 
 1.650000e-01  1.832545e-09  -1.580719e-06 
 1.700000e-01  1.836305e-09  -1.564085e-06 
 1.750000e-01  1.840066e-09  -1.547482e-06 
 1.800000e-01  1.842560e-09  -1.533455e-06 
 1.850000e-01  1.845055e-09  -1.519427e-06 
 1.900000e-01  1.847550e-09  -1.505399e-06 
 1.950000e-01  1.850045e-09  -1.491371e-06 
 2.000000e-01  1.852540e-09  -1.477400e-06 
 2.050000e-01  1.854479e-09  -1.468153e-06 
 2.100000e-01  1.856417e-09  -1.458906e-06 
 2.150000e-01  1.858355e-09  -1.449659e-06 
 2.200000e-01  1.860294e-09  -1.440412e-06 
 2.250000e-01  1.862232e-09  -1.431219e-06 
 2.300000e-01  1.863956e-09  -1.426773e-06 
 2.350000e-01  1.865680e-09  -1.422326e-06 
 2.400000e-01  1.867403e-09  -1.417879e-06 
 2.450000e-01  1.869127e-09  -1.413432e-06 
 2.500000e-01  1.870851e-09  -1.408968e-06 
 2.550000e-01  1.872487e-09  -1.402995e-06 
 2.600000e-01  1.874123e-09  -1.397022e-06 
 2.650000e-01  1.875759e-09  -1.391048e-06 
 2.700000e-01  1.877395e-09  -1.385075e-06 
 2.750000e-01  1.879031e-09  -1.379078e-06 
 2.800000e-01  1.880627e-09  -1.370948e-06 
 2.850000e-01  1.882223e-09  -1.362818e-06 
 2.900000e-01  1.883818e-09  -1.354688e-06 
 2.950000e-01  1.885414e-09  -1.346558e-06 
 3.000000e-01  1.887009e-09  -1.338414e-06 
 3.050000e-01  1.888581e-09  -1.328950e-06 
 3.100000e-01  1.890153e-09  -1.319486e-06 
 3.150000e-01  1.891726e-09  -1.310022e-06 
 3.200000e-01  1.893298e-09  -1.300558e-06 
 3.250000e-01  1.894870e-09  -1.291091e-06 
 3.300000e-01  1.896425e-09  -1.281340e-06 
 3.350000e-01  1.897980e-09  -1.271590e-06 
 3.400000e-01  1.899535e-09  -1.261839e-06 
 3.450000e-01  1.901090e-09  -1.252089e-06 
 3.500000e-01  1.902644e-09  -1.242334e-06 
 3.550000e-01  1.904183e-09  -1.232159e-06 
 3.600000e-01  1.905720e-09  -1.221983e-06 
 3.650000e-01  1.907259e-09  -1.211808e-06 
 3.700000e-01  1.908797e-09  -1.201633e-06 
 3.750000e-01  1.910335e-09  -1.191454e-06 
 3.800000e-01  1.911858e-09  -1.180900e-06 
 3.850000e-01  1.913380e-09  -1.170345e-06 
 3.900000e-01  1.914903e-09  -1.159791e-06 
 3.950000e-01  1.916426e-09  -1.149237e-06 
 4.000000e-01  1.917949e-09  -1.138678e-06 
 4.050000e-01  1.919454e-09  -1.127680e-06 
 4.100000e-01  1.920960e-09  -1.116681e-06 
 4.150000e-01  1.922466e-09  -1.105682e-06 
 4.200000e-01  1.923971e-09  -1.094683e-06 
 4.250000e-01  1.925477e-09  -1.083685e-06 
 4.300000e-01  1.926963e-09  -1.072719e-06 
 4.350000e-01  1.928450e-09  -1.061753e-06 
 4.400000e-01  1.929936e-09  -1.050788e-06 
 4.450000e-01  1.931422e-09  -1.039822e-06 
 4.500000e-01  1.932908e-09  -1.028855e-06 
 4.550000e-01  1.934374e-09  -1.017774e-06 
 4.600000e-01  1.935839e-09  -1.006694e-06 
 4.650000e-01  1.937305e-09  -9.956128e-07 
 4.700000e-01  1.938771e-09  -9.845319e-07 
 4.750000e-01  1.940236e-09  -9.734503e-07 
 4.800000e-01  1.941678e-09  -9.622894e-07 
 4.850000e-01  1.943119e-09  -9.511284e-07 
 4.900000e-01  1.944561e-09  -9.399673e-07 
 4.950000e-01  1.946002e-09  -9.288061e-07 
 5.000000e-01  1.947444e-09  -9.176441e-07 
 5.050000e-01  1.948857e-09  -9.063629e-07 
 5.100000e-01  1.950270e-09  -8.950817e-07 
 5.150000e-01  1.951684e-09  -8.838005e-07 
 5.200000e-01  1.953097e-09  -8.725191e-07 
 5.250000e-01  1.954510e-09  -8.612348e-07 
 5.300000e-01  1.955890e-09  -8.495239e-07 
 5.350000e-01  1.957269e-09  -8.378129e-07 
 5.400000e-01  1.958648e-09  -8.261018e-07 
 5.450000e-01  1.960028e-09  -8.143907e-07 
 5.500000e-01  1.961407e-09  -8.026740e-07 
 5.550000e-01  1.962743e-09  -7.901045e-07 
 5.600000e-01  1.964080e-09  -7.775349e-07 
 5.650000e-01  1.965416e-09  -7.649653e-07 
 5.700000e-01  1.966752e-09  -7.523956e-07 
 5.750000e-01  1.968088e-09  -7.398142e-07 
 5.800000e-01  1.969368e-09  -7.252890e-07 
 5.850000e-01  1.970647e-09  -7.107637e-07 
 5.900000e-01  1.971927e-09  -6.962383e-07 
 5.950000e-01  1.973206e-09  -6.817128e-07 
 6.000000e-01  1.974486e-09  -6.671643e-07 
 6.050000e-01  1.975683e-09  -6.483497e-07 
 6.100000e-01  1.976880e-09  -6.295349e-07 
 6.150000e-01  1.978076e-09  -6.107200e-07 
 6.200000e-01  1.979273e-09  -5.919049e-07 
 6.250000e-01  1.980470e-09  -5.730546e-07 
 6.300000e-01  1.981537e-09  -5.466162e-07 
 6.350000e-01  1.982604e-09  -5.201775e-07 
 6.400000e-01  1.983671e-09  -4.937385e-07 
 6.450000e-01  1.984737e-09  -4.672991e-07 
 6.500000e-01  1.985804e-09  -4.408201e-07 
 6.550000e-01  1.986642e-09  -4.032370e-07 
 6.600000e-01  1.987480e-09  -3.656532e-07 
 6.650000e-01  1.988317e-09  -3.280688e-07 
 6.700000e-01  1.989155e-09  -2.904838e-07 
 6.750000e-01  1.989993e-09  -2.528719e-07 
 6.800000e-01  1.990395e-09  -2.022997e-07 
 6.850000e-01  1.990797e-09  -1.517264e-07 
 6.900000e-01  1.991199e-09  -1.011521e-07 
 6.950000e-01  1.991602e-09  -5.057661e-08 
 7.000000e-01  1.992004e-09  -6.175061e-14 

 0.000000e+00  4.441322e-19  -9.793005e-07 
 5.000000e-03  3.152381e-09  -9.784333e-07 
 1.000000e-02  6.304754e-09  -9.775662e-07 
 1.500000e-02  9.457122e-09  -9.766991e-07 
 2.000000e-02  1.260948e-08  -9.758320e-07 
 2.500000e-02  1.576184e-08  -9.749649e-07 
 3.000000e-02  1.722383e-08  -9.740978e-07 
 3.500000e-02  1.868561e-08  -9.732307e-07 
 4.000000e-02  2.014739e-08  -9.723635e-07 
 4.500000e-02  2.160916e-08  -9.714964e-07 
 5.000000e-02  2.307094e-08  -9.706278e-07 
 5.500000e-02  2.378229e-08  -9.695532e-07 
 6.000000e-02  2.449350e-08  -9.684786e-07 
 6.500000e-02  2.520470e-08  -9.674040e-07 
 7.000000e-02  2.591591e-08  -9.663294e-07 
 7.500000e-02  2.662712e-08  -9.652525e-07 
 8.000000e-02  2.699823e-08  -9.638841e-07 
 8.500000e-02  2.736927e-08  -9.625156e-07 
 9.000000e-02  2.774030e-08  -9.611471e-07 
 9.500000e-02  2.811134e-08  -9.597786e-07 
 1.000000e-01  2.848237e-08  -9.584079e-07 
 1.050000e-01  2.869075e-08  -9.567427e-07 
 1.100000e-01  2.889908e-08  -9.550777e-07 
 1.150000e-01  2.910742e-08  -9.534126e-07 
 1.200000e-01  2.931576e-08  -9.517475e-07 
 1.250000e-01  2.952409e-08  -9.500793e-07 
 1.300000e-01  2.965123e-08  -9.480047e-07 
 1.350000e-01  2.977835e-08  -9.459301e-07 
 1.400000e-01  2.990546e-08  -9.438555e-07 
 1.450000e-01  3.003258e-08  -9.417809e-07 
 1.500000e-01  3.015970e-08  -9.397049e-07 
 1.550000e-01  3.024643e-08  -9.374349e-07 
 1.600000e-01  3.033314e-08  -9.351649e-07 
 1.650000e-01  3.041986e-08  -9.328949e-07 
 1.700000e-01  3.050657e-08  -9.306250e-07 
 1.750000e-01  3.059329e-08  -9.283577e-07 
 1.800000e-01  3.065968e-08  -9.264524e-07 
 1.850000e-01  3.072607e-08  -9.245471e-07 
 1.900000e-01  3.079246e-08  -9.226418e-07 
 1.950000e-01  3.085884e-08  -9.207365e-07 
 2.000000e-01  3.092523e-08  -9.188384e-07 
 2.050000e-01  3.098057e-08  -9.179072e-07 
 2.100000e-01  3.103590e-08  -9.169760e-07 
 2.150000e-01  3.109123e-08  -9.160448e-07 
 2.200000e-01  3.114656e-08  -9.151136e-07 
 2.250000e-01  3.120190e-08  -9.141812e-07 
 2.300000e-01  3.124881e-08  -9.130882e-07 
 2.350000e-01  3.129572e-08  -9.119952e-07 
 2.400000e-01  3.134263e-08  -9.109021e-07 
 2.450000e-01  3.138954e-08  -9.098092e-07 
 2.500000e-01  3.143645e-08  -9.087106e-07 
 2.550000e-01  3.147433e-08  -9.068606e-07 
 2.600000e-01  3.151221e-08  -9.050105e-07 
 2.650000e-01  3.155008e-08  -9.031604e-07 
 2.700000e-01  3.158796e-08  -9.013103e-07 
 2.750000e-01  3.162583e-08  -8.994564e-07 
 2.800000e-01  3.165676e-08  -8.970726e-07 
 2.850000e-01  3.168768e-08  -8.946888e-07 
 2.900000e-01  3.171861e-08  -8.923049e-07 
 2.950000e-01  3.174953e-08  -8.899210e-07 
 3.000000e-01  3.178046e-08  -8.875338e-07 
 3.050000e-01  3.180867e-08  -8.846686e-07 
 3.100000e-01  3.183688e-08  -8.818034e-07 
 3.150000e-01  3.186510e-08  -8.789382e-07 
 3.200000e-01  3.189331e-08  -8.760729e-07 
 3.250000e-01  3.192152e-08  -8.732042e-07 
 3.300000e-01  3.194856e-08  -8.698335e-07 
 3.350000e-01  3.197560e-08  -8.664627e-07 
 3.400000e-01  3.200265e-08  -8.630919e-07 
 3.450000e-01  3.202969e-08  -8.597212e-07 
 3.500000e-01  3.205673e-08  -8.563475e-07 
 3.550000e-01  3.208298e-08  -8.525617e-07 
 3.600000e-01  3.210923e-08  -8.487758e-07 
 3.650000e-01  3.213548e-08  -8.449900e-07 
 3.700000e-01  3.216173e-08  -8.412041e-07 
 3.750000e-01  3.218798e-08  -8.374158e-07 
 3.800000e-01  3.221369e-08  -8.332666e-07 
 3.850000e-01  3.223942e-08  -8.291174e-07 
 3.900000e-01  3.226513e-08  -8.249682e-07 
 3.950000e-01  3.229085e-08  -8.208190e-07 
 4.000000e-01  3.231657e-08  -8.166669e-07 
 4.050000e-01  3.234179e-08  -8.120820e-07 
 4.100000e-01  3.236701e-08  -8.074971e-07 
 4.150000e-01  3.239223e-08  -8.029122e-07 
 4.200000e-01  3.241745e-08  -7.983272e-07 
 4.250000e-01  3.244266e-08  -7.937396e-07 
 4.300000e-01  3.246734e-08  -7.887319e-07 
 4.350000e-01  3.249201e-08  -7.837242e-07 
 4.400000e-01  3.251668e-08  -7.787165e-07 
 4.450000e-01  3.254135e-08  -7.737088e-07 
 4.500000e-01  3.256603e-08  -7.686980e-07 
 4.550000e-01  3.259017e-08  -7.632095e-07 
 4.600000e-01  3.261431e-08  -7.577210e-07 
 4.650000e-01  3.263845e-08  -7.522324e-07 
 4.700000e-01  3.266260e-08  -7.467438e-07 
 4.750000e-01  3.268674e-08  -7.412518e-07 
 4.800000e-01  3.271035e-08  -7.352034e-07 
 4.850000e-01  3.273397e-08  -7.291550e-07 
 4.900000e-01  3.275758e-08  -7.231066e-07 
 4.950000e-01  3.278120e-08  -7.170581e-07 
 5.000000e-01  3.280481e-08  -7.110061e-07 
 5.050000e-01  3.282787e-08  -7.043486e-07 
 5.100000e-01  3.285093e-08  -6.976912e-07 
 5.150000e-01  3.287398e-08  -6.910337e-07 
 5.200000e-01  3.289704e-08  -6.843762e-07 
 5.250000e-01  3.292010e-08  -6.777140e-07 
 5.300000e-01  3.294257e-08  -6.702120e-07 
 5.350000e-01  3.296505e-08  -6.627100e-07 
 5.400000e-01  3.298753e-08  -6.552078e-07 
 5.450000e-01  3.301000e-08  -6.477057e-07 
 5.500000e-01  3.303248e-08  -6.401972e-07 
 5.550000e-01  3.305433e-08  -6.314683e-07 
 5.600000e-01  3.307618e-08  -6.227393e-07 
 5.650000e-01  3.309803e-08  -6.140103e-07 
 5.700000e-01  3.311987e-08  -6.052812e-07 
 5.750000e-01  3.314172e-08  -5.965423e-07 
 5.800000e-01  3.316289e-08  -5.857740e-07 
 5.850000e-01  3.318406e-08  -5.750056e-07 
 5.900000e-01  3.320523e-08  -5.642370e-07 
 5.950000e-01  3.322639e-08  -5.534685e-07 
 6.000000e-01  3.324756e-08  -5.426837e-07 
 6.050000e-01  3.326794e-08  -5.282065e-07 
 6.100000e-01  3.328833e-08  -5.137292e-07 
 6.150000e-01  3.330872e-08  -4.992517e-07 
 6.200000e-01  3.332911e-08  -4.847741e-07 
 6.250000e-01  3.334950e-08  -4.702721e-07 
 6.300000e-01  3.336898e-08  -4.493312e-07 
 6.350000e-01  3.338847e-08  -4.283900e-07 
 6.400000e-01  3.340795e-08  -4.074485e-07 
 6.450000e-01  3.342743e-08  -3.865067e-07 
 6.500000e-01  3.344692e-08  -3.655365e-07 
 6.550000e-01  3.346529e-08  -3.349892e-07 
 6.600000e-01  3.348368e-08  -3.044412e-07 
 6.650000e-01  3.350205e-08  -2.738927e-07 
 6.700000e-01  3.352043e-08  -2.433435e-07 
 6.750000e-01  3.353881e-08  -2.127733e-07 
 6.800000e-01  3.355576e-08  -1.702209e-07 
 6.850000e-01  3.357271e-08  -1.276673e-07 
 6.900000e-01  3.358967e-08  -8.511267e-08 
 6.950000e-01  3.360662e-08  -4.255691e-08 
 7.000000e-01  3.362357e-08  -5.229705e-14 

 0.000000e+00  3.085663e-18  -1.953846e-07 
 5.000000e-03  2.486019e-08  -1.952844e-07 
 1.000000e-02  4.971993e-08  -1.951843e-07 
 1.500000e-02  7.457923e-08  -1.950841e-07 
 2.000000e-02  9.943810e-08  -1.949840e-07 
 2.500000e-02  1.242965e-07  -1.948838e-07 
 3.000000e-02  1.388122e-07  -1.947837e-07 
 3.500000e-02  1.533174e-07  -1.946835e-07 
 4.000000e-02  1.678225e-07  -1.945834e-07 
 4.500000e-02  1.823274e-07  -1.944832e-07 
 5.000000e-02  1.968322e-07  -1.943831e-07 
 5.500000e-02  2.051182e-07  -1.942835e-07 
 6.000000e-02  2.133944e-07  -1.941839e-07 
 6.500000e-02  2.216705e-07  -1.940842e-07 
 7.000000e-02  2.299466e-07  -1.939846e-07 
 7.500000e-02  2.382227e-07  -1.938850e-07 
 8.000000e-02  2.430126e-07  -1.937853e-07 
 8.500000e-02  2.477960e-07  -1.936855e-07 
 9.000000e-02  2.525792e-07  -1.935858e-07 
 9.500000e-02  2.573625e-07  -1.934861e-07 
 1.000000e-01  2.621457e-07  -1.933864e-07 
 1.050000e-01  2.650532e-07  -1.932886e-07 
 1.100000e-01  2.679567e-07  -1.931908e-07 
 1.150000e-01  2.708602e-07  -1.930931e-07 
 1.200000e-01  2.737637e-07  -1.929953e-07 
 1.250000e-01  2.766672e-07  -1.928975e-07 
 1.300000e-01  2.785968e-07  -1.928073e-07 
 1.350000e-01  2.805243e-07  -1.927171e-07 
 1.400000e-01  2.824518e-07  -1.926269e-07 
 1.450000e-01  2.843793e-07  -1.925367e-07 
 1.500000e-01  2.863068e-07  -1.924465e-07 
 1.550000e-01  2.877301e-07  -1.923759e-07 
 1.600000e-01  2.891522e-07  -1.923053e-07 
 1.650000e-01  2.905743e-07  -1.922347e-07 
 1.700000e-01  2.919965e-07  -1.921642e-07 
 1.750000e-01  2.934186e-07  -1.920936e-07 
 1.800000e-01  2.945585e-07  -1.920651e-07 
 1.850000e-01  2.956977e-07  -1.920365e-07 
 1.900000e-01  2.968369e-07  -1.920080e-07 
 1.950000e-01  2.979762e-07  -1.919794e-07 
 2.000000e-01  2.991154e-07  -1.919508e-07 
 2.050000e-01  3.000800e-07  -1.919125e-07 
 2.100000e-01  3.010442e-07  -1.918742e-07 
 2.150000e-01  3.020085e-07  -1.918359e-07 
 2.200000e-01  3.029727e-07  -1.917975e-07 
 2.250000e-01  3.039369e-07  -1.917591e-07 
 2.300000e-01  3.047849e-07  -1.916812e-07 
 2.350000e-01  3.056327e-07  -1.916032e-07 
 2.400000e-01  3.064804e-07  -1.915252e-07 
 2.450000e-01  3.073282e-07  -1.914473e-07 
 2.500000e-01  3.081759e-07  -1.913693e-07 
 2.550000e-01  3.089376e-07  -1.912714e-07 
 2.600000e-01  3.096992e-07  -1.911734e-07 
 2.650000e-01  3.104607e-07  -1.910755e-07 
 2.700000e-01  3.112222e-07  -1.909776e-07 
 2.750000e-01  3.119837e-07  -1.908796e-07 
 2.800000e-01  3.126699e-07  -1.907625e-07 
 2.850000e-01  3.133559e-07  -1.906454e-07 
 2.900000e-01  3.140418e-07  -1.905284e-07 
 2.950000e-01  3.147278e-07  -1.904113e-07 
 3.000000e-01  3.154138e-07  -1.902942e-07 
 3.050000e-01  3.160240e-07  -1.901620e-07 
 3.100000e-01  3.166340e-07  -1.900298e-07 
 3.150000e-01  3.172441e-07  -1.898977e-07 
 3.200000e-01  3.178541e-07  -1.897655e-07 
 3.250000e-01  3.184641e-07  -1.896333e-07 
 3.300000e-01  3.189933e-07  -1.894871e-07 
 3.350000e-01  3.195222e-07  -1.893408e-07 
 3.400000e-01  3.200512e-07  -1.891946e-07 
 3.450000e-01  3.205802e-07  -1.890483e-07 
 3.500000e-01  3.211092e-07  -1.889021e-07 
 3.550000e-01  3.215427e-07  -1.887409e-07 
 3.600000e-01  3.219760e-07  -1.885798e-07 
 3.650000e-01  3.224093e-07  -1.884187e-07 
 3.700000e-01  3.228425e-07  -1.882575e-07 
 3.750000e-01  3.232758e-07  -1.880964e-07 
 3.800000e-01  3.236378e-07  -1.879192e-07 
 3.850000e-01  3.239996e-07  -1.877421e-07 
 3.900000e-01  3.243614e-07  -1.875650e-07 
 3.950000e-01  3.247232e-07  -1.873879e-07 
 4.000000e-01  3.250850e-07  -1.872107e-07 
 4.050000e-01  3.254081e-07  -1.870122e-07 
 4.100000e-01  3.257310e-07  -1.868137e-07 
 4.150000e-01  3.260539e-07  -1.866152e-07 
 4.200000e-01  3.263768e-07  -1.864167e-07 
 4.250000e-01  3.266998e-07  -1.862181e-07 
 4.300000e-01  3.269941e-07  -1.859954e-07 
 4.350000e-01  3.272884e-07  -1.857727e-07 
 4.400000e-01  3.275827e-07  -1.855500e-07 
 4.450000e-01  3.278770e-07  -1.853273e-07 
 4.500000e-01  3.281713e-07  -1.851045e-07 
 4.550000e-01  3.284432e-07  -1.848541e-07 
 4.600000e-01  3.287150e-07  -1.846037e-07 
 4.650000e-01  3.289868e-07  -1.843533e-07 
 4.700000e-01  3.292586e-07  -1.841028e-07 
 4.750000e-01  3.295305e-07  -1.838524e-07 
 4.800000e-01  3.297817e-07  -1.835580e-07 
 4.850000e-01  3.300329e-07  -1.832636e-07 
 4.900000e-01  3.302841e-07  -1.829692e-07 
 4.950000e-01  3.305353e-07  -1.826749e-07 
 5.000000e-01  3.307865e-07  -1.823804e-07 
 5.050000e-01  3.310175e-07  -1.820164e-07 
 5.100000e-01  3.312485e-07  -1.816524e-07 
 5.150000e-01  3.314795e-07  -1.812883e-07 
 5.200000e-01  3.317105e-07  -1.809243e-07 
 5.250000e-01  3.319415e-07  -1.805601e-07 
 5.300000e-01  3.321559e-07  -1.800473e-07 
 5.350000e-01  3.323703e-07  -1.795346e-07 
 5.400000e-01  3.325848e-07  -1.790218e-07 
 5.450000e-01  3.327992e-07  -1.785090e-07 
 5.500000e-01  3.330136e-07  -1.779958e-07 
 5.550000e-01  3.332125e-07  -1.771766e-07 
 5.600000e-01  3.334114e-07  -1.763575e-07 
 5.650000e-01  3.336103e-07  -1.755383e-07 
 5.700000e-01  3.338092e-07  -1.747192e-07 
 5.750000e-01  3.340080e-07  -1.738992e-07 
 5.800000e-01  3.341928e-07  -1.724824e-07 
 5.850000e-01  3.343775e-07  -1.710655e-07 
 5.900000e-01  3.345622e-07  -1.696487e-07 
 5.950000e-01  3.347469e-07  -1.682319e-07 
 6.000000e-01  3.349316e-07  -1.668135e-07 
 6.050000e-01  3.351023e-07  -1.642567e-07 
 6.100000e-01  3.352730e-07  -1.616999e-07 
 6.150000e-01  3.354436e-07  -1.591430e-07 
 6.200000e-01  3.356143e-07  -1.565861e-07 
 6.250000e-01  3.357849e-07  -1.540265e-07 
 6.300000e-01  3.359439e-07  -1.491864e-07 
 6.350000e-01  3.361029e-07  -1.443463e-07 
 6.400000e-01  3.362618e-07  -1.395061e-07 
 6.450000e-01  3.364208e-07  -1.346660e-07 
 6.500000e-01  3.365798e-07  -1.298214e-07 
 6.550000e-01  3.367243e-07  -1.206920e-07 
 6.600000e-01  3.368689e-07  -1.115625e-07 
 6.650000e-01  3.370134e-07  -1.024330e-07 
 6.700000e-01  3.371579e-07  -9.330343e-08 
 6.750000e-01  3.373024e-07  -8.416862e-08 
 6.800000e-01  3.374331e-07  -6.733530e-08 
 6.850000e-01  3.375638e-07  -5.050178e-08 
 6.900000e-01  3.376944e-07  -3.366807e-08 
 6.950000e-01  3.378251e-07  -1.683415e-08 
 7.000000e-01  3.379558e-07  -2.500222e-14 

 0.000000e+00  5.168960e-18  -1.611343e-08 
 5.000000e-03  4.686639e-08  -1.610415e-08 
 1.000000e-02  9.373156e-08  -1.609486e-08 
 1.500000e-02  1.405955e-07  -1.608558e-08 
 2.000000e-02  1.874582e-07  -1.607630e-08 
 2.500000e-02  2.343196e-07  -1.606702e-08 
 3.000000e-02  2.678524e-07  -1.605774e-08 
 3.500000e-02  3.013595e-07  -1.604846e-08 
 4.000000e-02  3.348659e-07  -1.603918e-08 
 4.500000e-02  3.683717e-07  -1.602989e-08 
 5.000000e-02  4.018767e-07  -1.602061e-08 
 5.500000e-02  4.255409e-07  -1.601189e-08 
 6.000000e-02  4.491730e-07  -1.600316e-08 
 6.500000e-02  4.728047e-07  -1.599444e-08 
 7.000000e-02  4.964360e-07  -1.598571e-08 
 7.500000e-02  5.200670e-07  -1.597699e-08 
 8.000000e-02  5.375909e-07  -1.596893e-08 
 8.500000e-02  5.550891e-07  -1.596088e-08 
 9.000000e-02  5.725870e-07  -1.595282e-08 
 9.500000e-02  5.900848e-07  -1.594477e-08 
 1.000000e-01  6.075823e-07  -1.593671e-08 
 1.050000e-01  6.217109e-07  -1.592952e-08 
 1.100000e-01  6.358228e-07  -1.592232e-08 
 1.150000e-01  6.499346e-07  -1.591513e-08 
 1.200000e-01  6.640462e-07  -1.590793e-08 
 1.250000e-01  6.781578e-07  -1.590074e-08 
 1.300000e-01  6.904686e-07  -1.589470e-08 
 1.350000e-01  7.027695e-07  -1.588865e-08 
 1.400000e-01  7.150703e-07  -1.588261e-08 
 1.450000e-01  7.273709e-07  -1.587657e-08 
 1.500000e-01  7.396715e-07  -1.587052e-08 
 1.550000e-01  7.509014e-07  -1.586617e-08 
 1.600000e-01  7.621249e-07  -1.586181e-08 
 1.650000e-01  7.733482e-07  -1.585746e-08 
 1.700000e-01  7.845715e-07  -1.585311e-08 
 1.750000e-01  7.957947e-07  -1.584875e-08 
 1.800000e-01  8.062688e-07  -1.584705e-08 
 1.850000e-01  8.167380e-07  -1.584534e-08 
 1.900000e-01  8.272071e-07  -1.584364e-08 
 1.950000e-01  8.376762e-07  -1.584194e-08 
 2.000000e-01  8.481452e-07  -1.584023e-08 
 2.050000e-01  8.579269e-07  -1.583790e-08 
 2.100000e-01  8.677039e-07  -1.583556e-08 
 2.150000e-01  8.774808e-07  -1.583322e-08 
 2.200000e-01  8.872576e-07  -1.583088e-08 
 2.250000e-01  8.970343e-07  -1.582854e-08 
 2.300000e-01  9.061451e-07  -1.582368e-08 
 2.350000e-01  9.152509e-07  -1.581883e-08 
 2.400000e-01  9.243567e-07  -1.581397e-08 
 2.450000e-01  9.334624e-07  -1.580911e-08 
 2.500000e-01  9.425681e-07  -1.580426e-08 
 2.550000e-01  9.509125e-07  -1.579783e-08 
 2.600000e-01  9.592510e-07  -1.579139e-08 
 2.650000e-01  9.675895e-07  -1.578496e-08 
 2.700000e-01  9.759279e-07  -1.577853e-08 
 2.750000e-01  9.842663e-07  -1.577209e-08 
 2.800000e-01  9.917333e-07  -1.576455e-08 
 2.850000e-01  9.991934e-07  -1.575700e-08 
 2.900000e-01  1.006653e-06  -1.574945e-08 
 2.950000e-01  1.014113e-06  -1.574190e-08 
 3.000000e-01  1.021573e-06  -1.573435e-08 
 3.050000e-01  1.028155e-06  -1.572592e-08 
 3.100000e-01  1.034730e-06  -1.571749e-08 
 3.150000e-01  1.041304e-06  -1.570907e-08 
 3.200000e-01  1.047879e-06  -1.570064e-08 
 3.250000e-01  1.054453e-06  -1.569222e-08 
 3.300000e-01  1.060199e-06  -1.568310e-08 
 3.350000e-01  1.065938e-06  -1.567399e-08 
 3.400000e-01  1.071676e-06  -1.566487e-08 
 3.450000e-01  1.077415e-06  -1.565576e-08 
 3.500000e-01  1.083153e-06  -1.564664e-08 
 3.550000e-01  1.088144e-06  -1.563693e-08 
 3.600000e-01  1.093129e-06  -1.562722e-08 
 3.650000e-01  1.098113e-06  -1.561752e-08 
 3.700000e-01  1.103098e-06  -1.560781e-08 
 3.750000e-01  1.108083e-06  -1.559810e-08 
 3.800000e-01  1.112374e-06  -1.558785e-08 
 3.850000e-01  1.116659e-06  -1.557759e-08 
 3.900000e-01  1.120944e-06  -1.556734e-08 
 3.950000e-01  1.125229e-06  -1.555709e-08 
 4.000000e-01  1.129514e-06  -1.554684e-08 
 4.050000e-01  1.133152e-06  -1.553608e-08 
 4.100000e-01  1.136783e-06  -1.552532e-08 
 4.150000e-01  1.140415e-06  -1.551457e-08 
 4.200000e-01  1.144047e-06  -1.550381e-08 
 4.250000e-01  1.147678e-06  -1.549305e-08 
 4.300000e-01  1.150722e-06  -1.548168e-08 
 4.350000e-01  1.153760e-06  -1.547030e-08 
 4.400000e-01  1.156797e-06  -1.545892e-08 
 4.450000e-01  1.159835e-06  -1.544755e-08 
 4.500000e-01  1.162873e-06  -1.543617e-08 
 4.550000e-01  1.165317e-06  -1.542395e-08 
 4.600000e-01  1.167755e-06  -1.541172e-08 
 4.650000e-01  1.170193e-06  -1.539950e-08 
 4.700000e-01  1.172631e-06  -1.538728e-08 
 4.750000e-01  1.175069e-06  -1.537505e-08 
 4.800000e-01  1.177023e-06  -1.536129e-08 
 4.850000e-01  1.178971e-06  -1.534752e-08 
 4.900000e-01  1.180920e-06  -1.533376e-08 
 4.950000e-01  1.182868e-06  -1.532000e-08 
 5.000000e-01  1.184817e-06  -1.530623e-08 
 5.050000e-01  1.186442e-06  -1.528926e-08 
 5.100000e-01  1.188064e-06  -1.527229e-08 
 5.150000e-01  1.189687e-06  -1.525532e-08 
 5.200000e-01  1.191309e-06  -1.523834e-08 
 5.250000e-01  1.192931e-06  -1.522137e-08 
 5.300000e-01  1.194319e-06  -1.519713e-08 
 5.350000e-01  1.195704e-06  -1.517290e-08 
 5.400000e-01  1.197089e-06  -1.514866e-08 
 5.450000e-01  1.198474e-06  -1.512443e-08 
 5.500000e-01  1.199859e-06  -1.510019e-08 
 5.550000e-01  1.201021e-06  -1.505947e-08 
 5.600000e-01  1.202180e-06  -1.501875e-08 
 5.650000e-01  1.203339e-06  -1.497804e-08 
 5.700000e-01  1.204498e-06  -1.493732e-08 
 5.750000e-01  1.205658e-06  -1.489660e-08 
 5.800000e-01  1.206637e-06  -1.481888e-08 
 5.850000e-01  1.207615e-06  -1.474115e-08 
 5.900000e-01  1.208592e-06  -1.466343e-08 
 5.950000e-01  1.209570e-06  -1.458571e-08 
 6.000000e-01  1.210547e-06  -1.450798e-08 
 6.050000e-01  1.211361e-06  -1.434822e-08 
 6.100000e-01  1.212173e-06  -1.418845e-08 
 6.150000e-01  1.212986e-06  -1.402869e-08 
 6.200000e-01  1.213798e-06  -1.386893e-08 
 6.250000e-01  1.214610e-06  -1.370915e-08 
 6.300000e-01  1.215276e-06  -1.336981e-08 
 6.350000e-01  1.215941e-06  -1.303046e-08 
 6.400000e-01  1.216605e-06  -1.269112e-08 
 6.450000e-01  1.217270e-06  -1.235178e-08 
 6.500000e-01  1.217935e-06  -1.201240e-08 
 6.550000e-01  1.218478e-06  -1.126953e-08 
 6.600000e-01  1.219020e-06  -1.052665e-08 
 6.650000e-01  1.219561e-06  -9.783776e-09 
 6.700000e-01  1.220103e-06  -9.040900e-09 
 6.750000e-01  1.220645e-06  -8.297963e-09 
 6.800000e-01  1.221057e-06  -6.638375e-09 
 6.850000e-01  1.221467e-06  -4.978784e-09 
 6.900000e-01  1.221877e-06  -3.319192e-09 
 6.950000e-01  1.222287e-06  -1.659598e-09 
 7.000000e-01  1.222697e-06  -2.731149e-15 

 0.000000e+00  5.582953e-18  -9.514961e-10 
 5.000000e-03  5.180210e-08  -9.509165e-10 
 1.000000e-02  1.036031e-07  -9.503368e-10 
 1.500000e-02  1.554030e-07  -9.497572e-10 
 2.000000e-02  2.072018e-07  -9.491774e-10 
 2.500000e-02  2.589995e-07  -9.485978e-10 
 3.000000e-02  2.971985e-07  -9.480181e-10 
 3.500000e-02  3.353688e-07  -9.474385e-10 
 4.000000e-02  3.735383e-07  -9.468588e-10 
 4.500000e-02  4.117073e-07  -9.462792e-10 
 5.000000e-02  4.498756e-07  -9.456995e-10 
 5.500000e-02  4.778850e-07  -9.451487e-10 
 6.000000e-02  5.058573e-07  -9.445980e-10 
 6.500000e-02  5.338292e-07  -9.440472e-10 
 7.000000e-02  5.618008e-07  -9.434964e-10 
 7.500000e-02  5.897721e-07  -9.429456e-10 
 8.000000e-02  6.115007e-07  -9.424344e-10 
 8.500000e-02  6.331995e-07  -9.419232e-10 
 9.000000e-02  6.548980e-07  -9.414119e-10 
 9.500000e-02  6.765964e-07  -9.409007e-10 
 1.000000e-01  6.982945e-07  -9.403894e-10 
 1.050000e-01  7.168201e-07  -9.399296e-10 
 1.100000e-01  7.353277e-07  -9.394697e-10 
 1.150000e-01  7.538351e-07  -9.390099e-10 
 1.200000e-01  7.723424e-07  -9.385499e-10 
 1.250000e-01  7.908496e-07  -9.380901e-10 
 1.300000e-01  8.080410e-07  -9.376978e-10 
 1.350000e-01  8.252238e-07  -9.373057e-10 
 1.400000e-01  8.424066e-07  -9.369134e-10 
 1.450000e-01  8.595891e-07  -9.365212e-10 
 1.500000e-01  8.767716e-07  -9.361290e-10 
 1.550000e-01  8.935693e-07  -9.358307e-10 
 1.600000e-01  9.103642e-07  -9.355325e-10 
 1.650000e-01  9.271590e-07  -9.352343e-10 
 1.700000e-01  9.439536e-07  -9.349361e-10 
 1.750000e-01  9.607481e-07  -9.346379e-10 
 1.800000e-01  9.775923e-07  -9.344838e-10 
 1.850000e-01  9.944367e-07  -9.343298e-10 
 1.900000e-01  1.011281e-06  -9.341757e-10 
 1.950000e-01  1.028125e-06  -9.340217e-10 
 2.000000e-01  1.044969e-06  -9.338676e-10 
 2.050000e-01  1.062025e-06  -9.337729e-10 
 2.100000e-01  1.079083e-06  -9.336782e-10 
 2.150000e-01  1.096141e-06  -9.335835e-10 
 2.200000e-01  1.113199e-06  -9.334887e-10 
 2.250000e-01  1.130256e-06  -9.333940e-10 
 2.300000e-01  1.147543e-06  -9.331357e-10 
 2.350000e-01  1.164831e-06  -9.328773e-10 
 2.400000e-01  1.182120e-06  -9.326190e-10 
 2.450000e-01  1.199408e-06  -9.323605e-10 
 2.500000e-01  1.216696e-06  -9.321022e-10 
 2.550000e-01  1.234133e-06  -9.317347e-10 
 2.600000e-01  1.251572e-06  -9.313673e-10 
 2.650000e-01  1.269010e-06  -9.309998e-10 
 2.700000e-01  1.286448e-06  -9.306323e-10 
 2.750000e-01  1.303886e-06  -9.302649e-10 
 2.800000e-01  1.321355e-06  -9.298227e-10 
 2.850000e-01  1.338825e-06  -9.293804e-10 
 2.900000e-01  1.356294e-06  -9.289381e-10 
 2.950000e-01  1.373763e-06  -9.284958e-10 
 3.000000e-01  1.391232e-06  -9.280536e-10 
 3.050000e-01  1.408562e-06  -9.275556e-10 
 3.100000e-01  1.425891e-06  -9.270577e-10 
 3.150000e-01  1.443220e-06  -9.265598e-10 
 3.200000e-01  1.460549e-06  -9.260618e-10 
 3.250000e-01  1.477877e-06  -9.255639e-10 
 3.300000e-01  1.494924e-06  -9.250223e-10 
 3.350000e-01  1.511967e-06  -9.244807e-10 
 3.400000e-01  1.529010e-06  -9.239391e-10 
 3.450000e-01  1.546053e-06  -9.233975e-10 
 3.500000e-01  1.563095e-06  -9.228559e-10 
 3.550000e-01  1.579791e-06  -9.222785e-10 
 3.600000e-01  1.596482e-06  -9.217012e-10 
 3.650000e-01  1.613173e-06  -9.211238e-10 
 3.700000e-01  1.629863e-06  -9.205465e-10 
 3.750000e-01  1.646554e-06  -9.199692e-10 
 3.800000e-01  1.662699e-06  -9.193613e-10 
 3.850000e-01  1.678836e-06  -9.187535e-10 
 3.900000e-01  1.694974e-06  -9.181456e-10 
 3.950000e-01  1.711111e-06  -9.175378e-10 
 4.000000e-01  1.727248e-06  -9.169299e-10 
 4.050000e-01  1.742687e-06  -9.162940e-10 
 4.100000e-01  1.758116e-06  -9.156580e-10 
 4.150000e-01  1.773545e-06  -9.150222e-10 
 4.200000e-01  1.788974e-06  -9.143862e-10 
 4.250000e-01  1.804403e-06  -9.137503e-10 
 4.300000e-01  1.819015e-06  -9.130847e-10 
 4.350000e-01  1.833616e-06  -9.124190e-10 
 4.400000e-01  1.848216e-06  -9.117533e-10 
 4.450000e-01  1.862816e-06  -9.110877e-10 
 4.500000e-01  1.877416e-06  -9.104221e-10 
 4.550000e-01  1.891056e-06  -9.097170e-10 
 4.600000e-01  1.904681e-06  -9.090119e-10 
 4.650000e-01  1.918306e-06  -9.083068e-10 
 4.700000e-01  1.931931e-06  -9.076017e-10 
 4.750000e-01  1.945556e-06  -9.068966e-10 
 4.800000e-01  1.958148e-06  -9.061225e-10 
 4.850000e-01  1.970723e-06  -9.053484e-10 
 4.900000e-01  1.983299e-06  -9.045742e-10 
 4.950000e-01  1.995874e-06  -9.038001e-10 
 5.000000e-01  2.008449e-06  -9.030260e-10 
 5.050000e-01  2.019877e-06  -9.021069e-10 
 5.100000e-01  2.031286e-06  -9.011877e-10 
 5.150000e-01  2.042694e-06  -9.002685e-10 
 5.200000e-01  2.054103e-06  -8.993494e-10 
 5.250000e-01  2.065512e-06  -8.984302e-10 
 5.300000e-01  2.075151e-06  -8.971758e-10 
 5.350000e-01  2.084760e-06  -8.959213e-10 
 5.400000e-01  2.094369e-06  -8.946670e-10 
 5.450000e-01  2.103978e-06  -8.934125e-10 
 5.500000e-01  2.113587e-06  -8.921581e-10 
 5.550000e-01  2.121377e-06  -8.901072e-10 
 5.600000e-01  2.129136e-06  -8.880563e-10 
 5.650000e-01  2.136896e-06  -8.860054e-10 
 5.700000e-01  2.144654e-06  -8.839545e-10 
 5.750000e-01  2.152413e-06  -8.819036e-10 
 5.800000e-01  2.158675e-06  -8.779678e-10 
 5.850000e-01  2.164909e-06  -8.740319e-10 
 5.900000e-01  2.171144e-06  -8.700961e-10 
 5.950000e-01  2.177379e-06  -8.661602e-10 
 6.000000e-01  2.183614e-06  -8.622243e-10 
 6.050000e-01  2.188519e-06  -8.538849e-10 
 6.100000e-01  2.193400e-06  -8.455455e-10 
 6.150000e-01  2.198281e-06  -8.372061e-10 
 6.200000e-01  2.203163e-06  -8.288667e-10 
 6.250000e-01  2.208044e-06  -8.205273e-10 
 6.300000e-01  2.211712e-06  -8.018891e-10 
 6.350000e-01  2.215359e-06  -7.832509e-10 
 6.400000e-01  2.219005e-06  -7.646127e-10 
 6.450000e-01  2.222651e-06  -7.459744e-10 
 6.500000e-01  2.226298e-06  -7.273361e-10 
 6.550000e-01  2.228639e-06  -6.841904e-10 
 6.600000e-01  2.230957e-06  -6.410446e-10 
 6.650000e-01  2.233275e-06  -5.978987e-10 
 6.700000e-01  2.235593e-06  -5.547530e-10 
 6.750000e-01  2.237910e-06  -5.116069e-10 
 6.800000e-01  2.238934e-06  -4.092856e-10 
 6.850000e-01  2.239935e-06  -3.069643e-10 
 6.900000e-01  2.240935e-06  -2.046429e-10 
 6.950000e-01  2.241936e-06  -1.023215e-10 
 7.000000e-01  2.242936e-06  -1.776357e-16 

 0.000000e+00  5.693332e-18  -5.261165e-11 
 5.000000e-03  5.241123e-08  -5.258678e-11 
 1.000000e-02  1.048214e-07  -5.256191e-11 
 1.500000e-02  1.572306e-07  -5.253704e-11 
 2.000000e-02  2.096388e-07  -5.251217e-11 
 2.500000e-02  2.620459e-07  -5.248730e-11 
 3.000000e-02  3.009609e-07  -5.246243e-11 
 3.500000e-02  3.398469e-07  -5.243756e-11 
 4.000000e-02  3.787324e-07  -5.241269e-11 
 4.500000e-02  4.176173e-07  -5.238782e-11 
 5.000000e-02  4.565017e-07  -5.236295e-11 
 5.500000e-02  4.852511e-07  -5.233548e-11 
 6.000000e-02  5.139630e-07  -5.230802e-11 
 6.500000e-02  5.426746e-07  -5.228055e-11 
 7.000000e-02  5.713860e-07  -5.225309e-11 
 7.500000e-02  6.000969e-07  -5.222562e-11 
 8.000000e-02  6.225745e-07  -5.219799e-11 
 8.500000e-02  6.450218e-07  -5.217035e-11 
 9.000000e-02  6.674688e-07  -5.214272e-11 
 9.500000e-02  6.899157e-07  -5.211509e-11 
 1.000000e-01  7.123624e-07  -5.208745e-11 
 1.050000e-01  7.316979e-07  -5.206139e-11 
 1.100000e-01  7.510154e-07  -5.203533e-11 
 1.150000e-01  7.703328e-07  -5.200928e-11 
 1.200000e-01  7.896500e-07  -5.198322e-11 
 1.250000e-01  8.089671e-07  -5.195716e-11 
 1.300000e-01  8.270914e-07  -5.193406e-11 
 1.350000e-01  8.452077e-07  -5.191096e-11 
 1.400000e-01  8.633239e-07  -5.188786e-11 
 1.450000e-01  8.814399e-07  -5.186476e-11 
 1.500000e-01  8.995559e-07  -5.184166e-11 
 1.550000e-01  9.174748e-07  -5.182307e-11 
 1.600000e-01  9.353922e-07  -5.180449e-11 
 1.650000e-01  9.533094e-07  -5.178591e-11 
 1.700000e-01  9.712265e-07  -5.176733e-11 
 1.750000e-01  9.891436e-07  -5.174875e-11 
 1.800000e-01  1.007333e-06  -5.173711e-11 
 1.850000e-01  1.025524e-06  -5.172548e-11 
 1.900000e-01  1.043715e-06  -5.171385e-11 
 1.950000e-01  1.061905e-06  -5.170222e-11 
 2.000000e-01  1.080096e-06  -5.169058e-11 
 2.050000e-01  1.098712e-06  -5.168624e-11 
 2.100000e-01  1.117332e-06  -5.168189e-11 
 2.150000e-01  1.135951e-06  -5.167754e-11 
 2.200000e-01  1.154571e-06  -5.167320e-11 
 2.250000e-01  1.173190e-06  -5.166885e-11 
 2.300000e-01  1.192276e-06  -5.165683e-11 
 2.350000e-01  1.211367e-06  -5.164481e-11 
 2.400000e-01  1.230457e-06  -5.163278e-11 
 2.450000e-01  1.249548e-06  -5.162076e-11 
 2.500000e-01  1.268638e-06  -5.160874e-11 
 2.550000e-01  1.288186e-06  -5.158953e-11 
 2.600000e-01  1.307738e-06  -5.157032e-11 
 2.650000e-01  1.327290e-06  -5.155110e-11 
 2.700000e-01  1.346842e-06  -5.153189e-11 
 2.750000e-01  1.366394e-06  -5.151268e-11 
 2.800000e-01  1.386310e-06  -5.148875e-11 
 2.850000e-01  1.406229e-06  -5.146481e-11 
 2.900000e-01  1.426148e-06  -5.144088e-11 
 2.950000e-01  1.446067e-06  -5.141695e-11 
 3.000000e-01  1.465986e-06  -5.139302e-11 
 3.050000e-01  1.486174e-06  -5.136561e-11 
 3.100000e-01  1.506365e-06  -5.133821e-11 
 3.150000e-01  1.526556e-06  -5.131080e-11 
 3.200000e-01  1.546747e-06  -5.128340e-11 
 3.250000e-01  1.566938e-06  -5.125599e-11 
 3.300000e-01  1.587259e-06  -5.122593e-11 
 3.350000e-01  1.607582e-06  -5.119587e-11 
 3.400000e-01  1.627905e-06  -5.116581e-11 
 3.450000e-01  1.648228e-06  -5.113575e-11 
 3.500000e-01  1.668550e-06  -5.110569e-11 
 3.550000e-01  1.688859e-06  -5.107350e-11 
 3.600000e-01  1.709168e-06  -5.104130e-11 
 3.650000e-01  1.729477e-06  -5.100911e-11 
 3.700000e-01  1.749785e-06  -5.097692e-11 
 3.750000e-01  1.770093e-06  -5.094473e-11 
 3.800000e-01  1.790193e-06  -5.091074e-11 
 3.850000e-01  1.810290e-06  -5.087675e-11 
 3.900000e-01  1.830387e-06  -5.084275e-11 
 3.950000e-01  1.850484e-06  -5.080877e-11 
 4.000000e-01  1.870580e-06  -5.077477e-11 
 4.050000e-01  1.890299e-06  -5.073918e-11 
 4.100000e-01  1.910012e-06  -5.070359e-11 
 4.150000e-01  1.929725e-06  -5.066799e-11 
 4.200000e-01  1.949438e-06  -5.063239e-11 
 4.250000e-01  1.969150e-06  -5.059680e-11 
 4.300000e-01  1.988356e-06  -5.055960e-11 
 4.350000e-01  2.007553e-06  -5.052240e-11 
 4.400000e-01  2.026750e-06  -5.048519e-11 
 4.450000e-01  2.045947e-06  -5.044799e-11 
 4.500000e-01  2.065144e-06  -5.041079e-11 
 4.550000e-01  2.083782e-06  -5.037155e-11 
 4.600000e-01  2.102410e-06  -5.033231e-11 
 4.650000e-01  2.121037e-06  -5.029307e-11 
 4.700000e-01  2.139665e-06  -5.025383e-11 
 4.750000e-01  2.158292e-06  -5.021459e-11 
 4.800000e-01  2.176112e-06  -5.017200e-11 
 4.850000e-01  2.193917e-06  -5.012941e-11 
 4.900000e-01  2.211721e-06  -5.008682e-11 
 4.950000e-01  2.229526e-06  -5.004424e-11 
 5.000000e-01  2.247330e-06  -5.000165e-11 
 5.050000e-01  2.263960e-06  -4.995217e-11 
 5.100000e-01  2.280569e-06  -4.990269e-11 
 5.150000e-01  2.297177e-06  -4.985321e-11 
 5.200000e-01  2.313785e-06  -4.980373e-11 
 5.250000e-01  2.330393e-06  -4.975425e-11 
 5.300000e-01  2.345749e-06  -4.968872e-11 
 5.350000e-01  2.361081e-06  -4.962319e-11 
 5.400000e-01  2.376413e-06  -4.955766e-11 
 5.450000e-01  2.391746e-06  -4.949212e-11 
 5.500000e-01  2.407078e-06  -4.942659e-11 
 5.550000e-01  2.421043e-06  -4.932217e-11 
 5.600000e-01  2.434981e-06  -4.921774e-11 
 5.650000e-01  2.448920e-06  -4.911332e-11 
 5.700000e-01  2.462858e-06  -4.900890e-11 
 5.750000e-01  2.476796e-06  -4.890447e-11 
 5.800000e-01  2.489000e-06  -4.870464e-11 
 5.850000e-01  2.501168e-06  -4.850481e-11 
 5.900000e-01  2.513337e-06  -4.830498e-11 
 5.950000e-01  2.525505e-06  -4.810515e-11 
 6.000000e-01  2.537673e-06  -4.790533e-11 
 6.050000e-01  2.547863e-06  -4.747312e-11 
 6.100000e-01  2.558013e-06  -4.704091e-11 
 6.150000e-01  2.568161e-06  -4.660870e-11 
 6.200000e-01  2.578310e-06  -4.617649e-11 
 6.250000e-01  2.588459e-06  -4.574428e-11 
 6.300000e-01  2.596314e-06  -4.474779e-11 
 6.350000e-01  2.604121e-06  -4.375129e-11 
 6.400000e-01  2.611927e-06  -4.275480e-11 
 6.450000e-01  2.619734e-06  -4.175831e-11 
 6.500000e-01  2.627540e-06  -4.076182e-11 
 6.550000e-01  2.632071e-06  -3.838666e-11 
 6.600000e-01  2.636531e-06  -3.601151e-11 
 6.650000e-01  2.640991e-06  -3.363635e-11 
 6.700000e-01  2.645451e-06  -3.126120e-11 
 6.750000e-01  2.649911e-06  -2.888604e-11 
 6.800000e-01  2.650884e-06  -2.310884e-11 
 6.850000e-01  2.651782e-06  -1.733163e-11 
 6.900000e-01  2.652680e-06  -1.155442e-11 
 6.950000e-01  2.653578e-06  -5.777218e-12 
 7.000000e-01  2.654476e-06  -1.110223e-17 

 0.000000e+00  5.884867e-18  -2.903299e-12 
 5.000000e-03  5.409813e-08  -2.898854e-12 
 1.000000e-02  1.081951e-07  -2.894409e-12 
 1.500000e-02  1.622911e-07  -2.889964e-12 
 2.000000e-02  2.163859e-07  -2.885519e-12 
 2.500000e-02  2.704795e-07  -2.881074e-12 
 3.000000e-02  3.107212e-07  -2.876629e-12 
 3.500000e-02  3.509322e-07  -2.872184e-12 
 4.000000e-02  3.911426e-07  -2.867739e-12 
 4.500000e-02  4.313524e-07  -2.863294e-12 
 5.000000e-02  4.715615e-07  -2.858849e-12 
 5.500000e-02  5.013316e-07  -2.857202e-12 
 6.000000e-02  5.310619e-07  -2.855554e-12 
 6.500000e-02  5.607918e-07  -2.853907e-12 
 7.000000e-02  5.905214e-07  -2.852259e-12 
 7.500000e-02  6.202507e-07  -2.850612e-12 
 8.000000e-02  6.435208e-07  -2.849603e-12 
 8.500000e-02  6.667584e-07  -2.848594e-12 
 9.000000e-02  6.899959e-07  -2.847584e-12 
 9.500000e-02  7.132331e-07  -2.846574e-12 
 1.000000e-01  7.364702e-07  -2.845565e-12 
 1.050000e-01  7.564682e-07  -2.844559e-12 
 1.100000e-01  7.764468e-07  -2.843552e-12 
 1.150000e-01  7.964252e-07  -2.842546e-12 
 1.200000e-01  8.164035e-07  -2.841540e-12 
 1.250000e-01  8.363817e-07  -2.840533e-12 
 1.300000e-01  8.550912e-07  -2.839483e-12 
 1.350000e-01  8.737920e-07  -2.838431e-12 
 1.400000e-01  8.924928e-07  -2.837379e-12 
 1.450000e-01  9.111934e-07  -2.836327e-12 
 1.500000e-01  9.298938e-07  -2.835275e-12 
 1.550000e-01  9.483803e-07  -2.834305e-12 
 1.600000e-01  9.668649e-07  -2.833334e-12 
 1.650000e-01  9.853495e-07  -2.832363e-12 
 1.700000e-01  1.003834e-06  -2.831394e-12 
 1.750000e-01  1.022318e-06  -2.830422e-12 
 1.800000e-01  1.041086e-06  -2.829707e-12 
 1.850000e-01  1.059856e-06  -2.828991e-12 
 1.900000e-01  1.078626e-06  -2.828275e-12 
 1.950000e-01  1.097396e-06  -2.827560e-12 
 2.000000e-01  1.116165e-06  -2.826844e-12 
 2.050000e-01  1.135427e-06  -2.826563e-12 
 2.100000e-01  1.154692e-06  -2.826280e-12 
 2.150000e-01  1.173958e-06  -2.825998e-12 
 2.200000e-01  1.193223e-06  -2.825716e-12 
 2.250000e-01  1.212488e-06  -2.825434e-12 
 2.300000e-01  1.232314e-06  -2.824951e-12 
 2.350000e-01  1.252144e-06  -2.824470e-12 
 2.400000e-01  1.271975e-06  -2.823988e-12 
 2.450000e-01  1.291805e-06  -2.823505e-12 
 2.500000e-01  1.311636e-06  -2.823022e-12 
 2.550000e-01  1.332004e-06  -2.822062e-12 
 2.600000e-01  1.352378e-06  -2.821102e-12 
 2.650000e-01  1.372752e-06  -2.820141e-12 
 2.700000e-01  1.393126e-06  -2.819181e-12 
 2.750000e-01  1.413499e-06  -2.818221e-12 
 2.800000e-01  1.434297e-06  -2.816961e-12 
 2.850000e-01  1.455099e-06  -2.815698e-12 
 2.900000e-01  1.475901e-06  -2.814437e-12 
 2.950000e-01  1.496703e-06  -2.813175e-12 
 3.000000e-01  1.517504e-06  -2.811912e-12 
 3.050000e-01  1.538650e-06  -2.810438e-12 
 3.100000e-01  1.559800e-06  -2.808964e-12 
 3.150000e-01  1.580950e-06  -2.807490e-12 
 3.200000e-01  1.602099e-06  -2.806016e-12 
 3.250000e-01  1.623249e-06  -2.804543e-12 
 3.300000e-01  1.644615e-06  -2.802908e-12 
 3.350000e-01  1.665985e-06  -2.801273e-12 
 3.400000e-01  1.687354e-06  -2.799638e-12 
 3.450000e-01  1.708723e-06  -2.798006e-12 
 3.500000e-01  1.730092e-06  -2.796371e-12 
 3.550000e-01  1.751623e-06  -2.794609e-12 
 3.600000e-01  1.773157e-06  -2.792849e-12 
 3.650000e-01  1.794690e-06  -2.791087e-12 
 3.700000e-01  1.816224e-06  -2.789324e-12 
 3.750000e-01  1.837757e-06  -2.787565e-12 
 3.800000e-01  1.859347e-06  -2.785697e-12 
 3.850000e-01  1.880938e-06  -2.783832e-12 
 3.900000e-01  1.902529e-06  -2.781963e-12 
 3.950000e-01  1.924119e-06  -2.780098e-12 
 4.000000e-01  1.945710e-06  -2.778230e-12 
 4.050000e-01  1.967146e-06  -2.776271e-12 
 4.100000e-01  1.988580e-06  -2.774314e-12 
 4.150000e-01  2.010013e-06  -2.772355e-12 
 4.200000e-01  2.031446e-06  -2.770395e-12 
 4.250000e-01  2.052880e-06  -2.768438e-12 
 4.300000e-01  2.073937e-06  -2.766390e-12 
 4.350000e-01  2.094989e-06  -2.764339e-12 
 4.400000e-01  2.116040e-06  -2.762290e-12 
 4.450000e-01  2.137091e-06  -2.760242e-12 
 4.500000e-01  2.158142e-06  -2.758194e-12 
 4.550000e-01  2.178631e-06  -2.756037e-12 
 4.600000e-01  2.199110e-06  -2.753880e-12 
 4.650000e-01  2.219589e-06  -2.751724e-12 
 4.700000e-01  2.240067e-06  -2.749564e-12 
 4.750000e-01  2.260546e-06  -2.747408e-12 
 4.800000e-01  2.280268e-06  -2.745082e-12 
 4.850000e-01  2.299975e-06  -2.742753e-12 
 4.900000e-01  2.319683e-06  -2.740427e-12 
 4.950000e-01  2.339390e-06  -2.738099e-12 
 5.000000e-01  2.359097e-06  -2.735773e-12 
 5.050000e-01  2.377852e-06  -2.733097e-12 
 5.100000e-01  2.396588e-06  -2.730427e-12 
 5.150000e-01  2.415324e-06  -2.727751e-12 
 5.200000e-01  2.434060e-06  -2.725081e-12 
 5.250000e-01  2.452795e-06  -2.722406e-12 
 5.300000e-01  2.470310e-06  -2.718931e-12 
 5.350000e-01  2.487801e-06  -2.715456e-12 
 5.400000e-01  2.505291e-06  -2.711981e-12 
 5.450000e-01  2.522781e-06  -2.708511e-12 
 5.500000e-01  2.540271e-06  -2.705036e-12 
 5.550000e-01  2.556277e-06  -2.699591e-12 
 5.600000e-01  2.572251e-06  -2.694150e-12 
 5.650000e-01  2.588225e-06  -2.688710e-12 
 5.700000e-01  2.604200e-06  -2.683265e-12 
 5.750000e-01  2.620174e-06  -2.677825e-12 
 5.800000e-01  2.634338e-06  -2.667466e-12 
 5.850000e-01  2.648464e-06  -2.657108e-12 
 5.900000e-01  2.662589e-06  -2.646755e-12 
 5.950000e-01  2.676715e-06  -2.636397e-12 
 6.000000e-01  2.690840e-06  -2.626038e-12 
 6.050000e-01  2.702878e-06  -2.603390e-12 
 6.100000e-01  2.714871e-06  -2.580741e-12 
 6.150000e-01  2.726863e-06  -2.558098e-12 
 6.200000e-01  2.738855e-06  -2.535450e-12 
 6.250000e-01  2.750847e-06  -2.512801e-12 
 6.300000e-01  2.760131e-06  -2.459555e-12 
 6.350000e-01  2.769354e-06  -2.406308e-12 
 6.400000e-01  2.778577e-06  -2.353057e-12 
 6.450000e-01  2.787800e-06  -2.299810e-12 
 6.500000e-01  2.797022e-06  -2.246558e-12 
 6.550000e-01  2.802688e-06  -2.117123e-12 
 6.600000e-01  2.808272e-06  -1.987682e-12 
 6.650000e-01  2.813857e-06  -1.858241e-12 
 6.700000e-01  2.819442e-06  -1.728806e-12 
 6.750000e-01  2.825026e-06  -1.599365e-12 
 6.800000e-01  2.826286e-06  -1.279493e-12 
 6.850000e-01  2.827446e-06  -9.596213e-13 
 6.900000e-01  2.828607e-06  -6.397438e-13 
 6.950000e-01  2.829767e-06  -3.198719e-13 
 7.000000e-01  2.830927e-06  0.000000e+00 
