mgc_rve_context_lcv "TIGFET10nm" "G3_MUXI2_N1" "layout" 1000
mgc_rve_highlight_index 0 "SELI" "#00000000FFFF"
mgc_rve_layer "M1"
mp 8 0.138 0.156 0.345 0.156 0.345 0.128 0.373 0.128 0.373 0.184 0.166 0.184 0.166 0.334 0.138 0.334
mr 0.483 0.244 0.511 0.288
mgc_rve_layer "IL"
mr 0.138 0.284 0.166 0.352
mr 0.345 0.116 0.373 0.184
mr 0.483 0.232 0.511 0.3
mgc_rve_layer "M2"
mr 0.345 0.134 0.373 0.166
mr 0.483 0.25 0.511 0.282
mgc_rve_layer "M3"
mp 8 0.345 0.134 0.442 0.134 0.442 0.25 0.511 0.25 0.511 0.282 0.414 0.282 0.414 0.166 0.345 0.166
mgc_rve_layer "SDC"
mr 0.138 0.284 0.166 0.352
mgc_rve_layer "GC"
mr 0.345 0.128 0.373 0.172
mr 0.483 0.244 0.511 0.288
mgc_rve_layer "GATE"
mr 0.349 0.076 0.369 0.13
mr 0.487 0.286 0.507 0.34
mgc_rve_layer "gate_conn"
mr 0.349 0.086 0.369 0.11
mr 0.487 0.306 0.507 0.33
mgc_rve_zoom 0.059 0.017 0.59 0.411 1
