mgc_rve_context_lcv "TIGFET10nm" "G3_AND2_N2" "layout" 1000
mgc_rve_highlight_index 0 "rve" "#FFFF00000000"
mgc_rve_layer "M1"
mp 16 -0.064 -0.036 0.234 -0.036 0.234 0.1 0.206 0.1 0.206 -0.008 -0.036 -0.008 -0.036 0.305 0.028 0.305 0.028 0.337 -0.036 0.337 -0.036 0.459 0.483 0.459 0.483 0.379 0.511 0.379 0.511 0.487 -0.064 0.487
mgc_rve_layer "IL"
mr 0 0.277 0.028 0.365
mr 0.206 0.05 0.234 0.118
mr 0.483 0.361 0.511 0.429
mgc_rve_layer "SDC"
mr 0 0.277 0.028 0.365
mgc_rve_layer "GC"
mr 0.206 0.062 0.234 0.106
mr 0.483 0.373 0.511 0.417
mgc_rve_layer "GATE"
mp 6 0.108 0 0.128 0 0.128 0.098 0.234 0.098 0.234 0.118 0.108 0.118
mp 8 0.452 0.277 0.472 0.277 0.472 0.387 0.522 0.387 0.522 0.277 0.542 0.277 0.542 0.407 0.452 0.407
mgc_rve_layer "gate_conn"
mr 0.108 0.01 0.128 0.078
mr 0.452 0.287 0.472 0.355
mr 0.522 0.287 0.542 0.355
mgc_rve_layer "M1"
mr 0.276 0.305 0.304 0.337
mgc_rve_layer "IL"
mr 0.276 0.277 0.304 0.365
mgc_rve_layer "SDC"
mr 0.276 0.277 0.304 0.365
mgc_rve_zoom -0.193 -0.148 0.671 0.599 1
