mgc_rve_context_lcv "TIGFET10nm" "G4_XNOR2_N1" "layout" 1000
mgc_rve_highlight_index 0 "5" "#808080808080"
mgc_rve_layer "M1"
mr 0.138 0.274 0.166 0.306
mr 0.483 0.338 0.511 0.37
mgc_rve_layer "IL"
mr 0.138 0.256 0.166 0.324
mr 0.483 0.32 0.511 0.388
mgc_rve_layer "M2"
mr 0.138 0.274 0.166 0.306
mr 0.483 0.337 0.511 0.371
mgc_rve_layer "M3"
mp 6 0.138 0.274 0.166 0.274 0.166 0.337 0.511 0.337 0.511 0.371 0.138 0.371
mgc_rve_layer "SDC"
mr 0.138 0.256 0.166 0.324
mgc_rve_layer "GC"
mr 0.483 0.332 0.511 0.376
mgc_rve_layer "GATE"
mp 12 0.349 0.076 0.369 0.076 0.369 0.142 0.472 0.142 0.472 0.334 0.522 0.334 0.522 0.268 0.542 0.268 0.542 0.352 0.452 0.352 0.452 0.162 0.349 0.162
mgc_rve_layer "gate_conn"
mr 0.349 0.086 0.369 0.11
mr 0.452 0.278 0.472 0.302
mr 0.522 0.278 0.542 0.302
mgc_rve_zoom 0.052 0.01 0.628 0.454 1
