mgc_rve_context_lcv "TIGFET10nm" "G4_MUX2_N2" "layout" 1000
mgc_rve_highlight_index 0 "ZI" "#FFFF00000000"
mgc_rve_layer "M1"
mr 0.069 0.165 0.097 0.198
mr 0.414 0.092 0.442 0.124
mr 0.414 0.356 0.442 0.388
mgc_rve_layer "IL"
mr 0.069 0.148 0.097 0.216
mr 0.414 0.064 0.442 0.152
mr 0.414 0.328 0.442 0.416
mgc_rve_layer "M2"
mp 10 0.069 0.165 0.097 0.165 0.097 0.234 0.414 0.234 0.414 0.092 0.442 0.092 0.442 0.388 0.414 0.388 0.414 0.262 0.069 0.262
mgc_rve_layer "SDC"
mr 0.414 0.064 0.442 0.152
mr 0.414 0.328 0.442 0.416
mgc_rve_layer "GC"
mr 0.069 0.16 0.097 0.204
mgc_rve_layer "GATE"
mp 8 0.073 0.064 0.093 0.064 0.093 0.174 0.211 0.174 0.211 0.064 0.231 0.064 0.231 0.194 0.073 0.194
mgc_rve_layer "gate_conn"
mr 0.073 0.074 0.093 0.142
mr 0.211 0.074 0.231 0.142
mgc_rve_zoom -0.01 -0.011 0.521 0.491 1
