mgc_rve_context_lcv "TIGFET10nm" "G4_MAJ3_N3" "layout" 1000
mgc_rve_highlight_index 0 "A" "#00000000FFFF"
mgc_rve_layer "M1"
mp 24 0.069 0.302 0.342 0.302 0.342 0.018 0.621 0.018 0.621 0.012 0.649 0.012 0.649 0.018 0.718 0.018 0.718 0.146 0.69 0.146 0.69 0.046 0.649 0.046 0.649 0.056 0.621 0.056 0.621 0.046 0.442 0.046 0.442 0.146 0.414 0.146 0.414 0.046 0.37 0.046 0.37 0.33 0.097 0.33 0.097 0.364 0.069 0.364
mgc_rve_layer "IL"
mr 0.069 0.308 0.097 0.376
mr 0.414 0.064 0.442 0.196
mr 0.621 0 0.649 0.068
mr 0.69 0.064 0.718 0.196
mgc_rve_layer "SDC"
mr 0.414 0.064 0.442 0.196
mr 0.69 0.064 0.718 0.196
mgc_rve_layer "GC"
mr 0.069 0.32 0.097 0.364
mr 0.621 0.012 0.649 0.056
mgc_rve_layer "GATE"
mp 8 0.073 0.33 0.231 0.33 0.231 0.504 0.211 0.504 0.211 0.35 0.093 0.35 0.093 0.504 0.073 0.504
mp 10 0.59 0.024 0.68 0.024 0.68 0.544 0.66 0.544 0.66 0.042 0.61 0.042 0.61 0.526 0.66 0.526 0.66 0.544 0.59 0.544
mgc_rve_layer "gate_conn"
mr 0.073 0.382 0.093 0.494
mr 0.211 0.382 0.231 0.494
mr 0.59 0.074 0.61 0.186
mr 0.59 0.382 0.61 0.494
mr 0.66 0.074 0.68 0.186
mr 0.66 0.382 0.68 0.494
mgc_rve_zoom -0.07 -0.116 0.857 0.66 1
