mgc_rve_context_lcv "TIGFET10nm" "G5_XOR3_N1" "layout" 1000
mgc_rve_highlight_index 0 "B" "#FFFF0000FFFF"
mgc_rve_layer "M1"
mr 0.483 0.128 0.511 0.172
mr 0.759 0.244 0.787 0.288
mgc_rve_layer "IL"
mr 0.483 0.116 0.511 0.184
mr 0.759 0.232 0.787 0.3
mgc_rve_layer "M2"
mp 8 0.483 0.134 0.511 0.134 0.511 0.202 0.787 0.202 0.787 0.282 0.759 0.282 0.759 0.23 0.483 0.23
mr 0.897 0.134 0.925 0.166
mgc_rve_layer "M3"
mp 8 0.759 0.251 0.827 0.251 0.827 0.135 0.925 0.135 0.925 0.165 0.856 0.165 0.856 0.281 0.759 0.281
mgc_rve_layer "GC"
mr 0.483 0.128 0.511 0.172
mr 0.759 0.244 0.787 0.288
mgc_rve_layer "GATE"
mp 8 0.349 0.076 0.369 0.076 0.369 0.142 0.487 0.142 0.487 0.076 0.507 0.076 0.507 0.162 0.349 0.162
mr 0.763 0.286 0.783 0.34
mgc_rve_layer "gate_conn"
mr 0.349 0.086 0.369 0.11
mr 0.487 0.086 0.507 0.11
mr 0.763 0.306 0.783 0.33
mgc_rve_zoom 0.226 0.02 1.048 0.396 1
